id,label
0,0
1,2
2,0
3,6
4,3
5,3
6,2
7,4
8,0
9,6
10,3
11,0
12,0
13,5
14,6
15,2
16,5
17,2
18,5
19,3
20,4
21,5
22,0
23,4
24,0
25,2
26,4
27,2
28,0
29,5
30,3
31,6
32,3
33,6
34,4
35,2
36,6
37,2
38,4
39,3
40,0
41,4
42,0
43,6
44,6
45,3
46,5
47,3
48,5
49,6
50,6
51,3
52,5
53,3
54,4
55,3
56,2
57,4
58,5
59,3
60,6
61,3
62,4
63,5
64,5
65,3
66,2
67,6
68,6
69,3
70,6
71,5
72,4
73,3
74,2
75,6
76,5
77,6
78,6
79,0
80,0
81,0
82,0
83,3
84,5
85,4
86,3
87,3
88,5
89,3
90,6
91,2
92,3
93,2
94,0
95,6
96,2
97,3
98,3
99,0
100,3
101,6
102,0
103,3
104,5
105,2
106,6
107,6
108,2
109,3
110,3
111,2
112,2
113,4
114,3
115,2
116,3
117,6
118,5
119,6
120,5
121,4
122,2
123,2
124,3
125,3
126,3
127,6
128,5
129,5
130,5
131,6
132,2
133,6
134,5
135,5
136,5
137,3
138,6
139,6
140,0
141,3
142,0
143,4
144,2
145,3
146,3
147,3
148,3
149,2
150,0
151,0
152,5
153,3
154,5
155,5
156,0
157,5
158,0
159,3
160,0
161,3
162,3
163,3
164,4
165,6
166,6
167,6
168,5
169,3
170,4
171,4
172,5
173,4
174,4
175,6
176,2
177,2
178,4
179,5
180,6
181,3
182,2
183,3
184,2
185,2
186,6
187,3
188,3
189,3
190,4
191,6
192,5
193,5
194,3
195,6
196,5
197,6
198,0
199,0
200,3
201,3
202,0
203,3
204,3
205,5
206,4
207,4
208,6
209,0
210,6
211,4
212,4
213,4
214,6
215,2
216,5
217,4
218,6
219,3
220,3
221,4
222,5
223,4
224,0
225,3
226,5
227,4
228,0
229,3
230,3
231,6
232,5
233,6
234,4
235,4
236,3
237,6
238,4
239,6
240,3
241,4
242,6
243,0
244,2
245,3
246,3
247,3
248,0
249,2
250,4
251,4
252,4
253,2
254,4
255,6
256,2
257,4
258,2
259,6
260,4
261,6
262,0
263,6
264,2
265,3
266,0
267,3
268,3
269,4
270,6
271,6
272,2
273,3
274,5
275,3
276,2
277,5
278,0
279,6
280,3
281,5
282,6
283,2
284,6
285,6
286,2
287,6
288,3
289,6
290,2
291,3
292,6
293,6
294,3
295,6
296,2
297,2
298,6
299,3
300,3
301,4
302,3
303,3
304,0
305,3
306,5
307,3
308,3
309,3
310,3
311,6
312,6
313,6
314,0
315,2
316,6
317,2
318,2
319,3
320,0
321,2
322,6
323,6
324,2
325,2
326,2
327,3
328,3
329,6
330,3
331,6
332,0
333,3
334,2
335,3
336,2
337,6
338,0
339,6
340,6
341,5
342,6
343,6
344,0
345,6
346,3
347,3
348,4
349,0
350,2
351,0
352,6
353,3
354,0
355,6
356,3
357,0
358,3
359,0
360,3
361,2
362,3
363,2
364,5
365,3
366,3
367,3
368,2
369,0
370,0
371,6
372,4
373,2
374,4
375,4
376,1
377,3
378,6
379,4
380,6
381,5
382,3
383,3
384,3
385,6
386,3
387,5
388,6
389,2
390,2
391,3
392,3
393,5
394,0
395,5
396,2
397,2
398,0
399,0
400,4
401,5
402,3
403,3
404,2
405,6
406,5
407,5
408,5
409,5
410,3
411,5
412,6
413,3
414,3
415,6
416,6
417,2
418,5
419,4
420,6
421,3
422,4
423,4
424,6
425,0
426,2
427,3
428,3
429,4
430,2
431,6
432,2
433,6
434,6
435,0
436,6
437,2
438,3
439,4
440,6
441,0
442,6
443,4
444,2
445,2
446,0
447,6
448,0
449,0
450,0
451,3
452,4
453,4
454,4
455,5
456,6
457,4
458,0
459,6
460,5
461,5
462,3
463,3
464,6
465,0
466,4
467,3
468,3
469,0
470,5
471,5
472,6
473,4
474,6
475,2
476,3
477,6
478,4
479,4
480,0
481,6
482,6
483,0
484,4
485,4
486,6
487,5
488,3
489,6
490,3
491,4
492,3
493,0
494,4
495,4
496,5
497,2
498,4
499,0
500,6
501,0
502,3
503,5
504,4
505,6
506,3
507,6
508,2
509,4
510,2
511,3
512,0
513,4
514,6
515,3
516,5
517,4
518,0
519,6
520,3
521,6
522,0
523,2
524,3
525,3
526,3
527,3
528,6
529,3
530,0
531,3
532,5
533,5
534,0
535,6
536,6
537,6
538,5
539,2
540,0
541,3
542,6
543,6
544,3
545,2
546,6
547,4
548,3
549,3
550,4
551,4
552,4
553,6
554,0
555,4
556,6
557,0
558,6
559,4
560,2
561,6
562,5
563,0
564,2
565,5
566,4
567,2
568,4
569,6
570,6
571,3
572,4
573,4
574,2
575,2
576,4
577,3
578,2
579,4
580,6
581,3
582,2
583,3
584,5
585,2
586,4
587,5
588,6
589,2
590,6
591,3
592,2
593,4
594,3
595,3
596,4
597,4
598,2
599,6
600,4
601,6
602,4
603,6
604,3
605,4
606,2
607,6
608,6
609,4
610,0
611,5
612,3
613,6
614,2
615,6
616,0
617,6
618,4
619,2
620,3
621,0
622,6
623,3
624,3
625,3
626,4
627,6
628,6
629,3
630,6
631,3
632,0
633,0
634,5
635,0
636,5
637,0
638,0
639,0
640,5
641,4
642,3
643,6
644,3
645,2
646,6
647,6
648,5
649,3
650,4
651,2
652,2
653,3
654,4
655,6
656,3
657,0
658,6
659,5
660,4
661,3
662,3
663,3
664,3
665,5
666,6
667,2
668,4
669,0
670,6
671,6
672,5
673,0
674,6
675,6
676,6
677,0
678,4
679,6
680,0
681,2
682,3
683,6
684,4
685,6
686,3
687,3
688,3
689,3
690,3
691,0
692,3
693,6
694,4
695,3
696,2
697,3
698,0
699,6
700,5
701,3
702,0
703,6
704,5
705,4
706,3
707,2
708,3
709,3
710,2
711,4
712,2
713,3
714,3
715,3
716,6
717,4
718,3
719,6
720,6
721,3
722,3
723,4
724,4
725,0
726,0
727,2
728,0
729,3
730,3
731,2
732,6
733,6
734,4
735,2
736,6
737,4
738,0
739,3
740,6
741,4
742,0
743,3
744,3
745,4
746,0
747,3
748,5
749,3
750,3
751,3
752,0
753,4
754,6
755,0
756,0
757,2
758,3
759,3
760,6
761,0
762,0
763,3
764,3
765,3
766,3
767,6
768,2
769,6
770,3
771,2
772,6
773,2
774,6
775,5
776,3
777,6
778,6
779,2
780,3
781,6
782,6
783,4
784,0
785,6
786,3
787,0
788,4
789,6
790,3
791,3
792,3
793,6
794,4
795,3
796,6
797,5
798,0
799,5
800,3
801,6
802,5
803,6
804,2
805,3
806,5
807,4
808,6
809,4
810,3
811,2
812,4
813,2
814,0
815,6
816,6
817,3
818,2
819,2
820,4
821,5
822,6
823,0
824,5
825,6
826,5
827,4
828,5
829,4
830,0
831,5
832,5
833,4
834,0
835,3
836,3
837,4
838,2
839,0
840,6
841,4
842,2
843,0
844,6
845,3
846,3
847,6
848,2
849,5
850,2
851,4
852,3
853,6
854,0
855,3
856,4
857,3
858,4
859,5
860,4
861,2
862,0
863,6
864,6
865,2
866,0
867,0
868,3
869,3
870,3
871,3
872,0
873,5
874,6
875,6
876,3
877,5
878,3
879,0
880,3
881,0
882,6
883,6
884,5
885,4
886,0
887,0
888,6
889,5
890,3
891,5
892,0
893,4
894,2
895,6
896,3
897,3
898,6
899,6
900,0
901,3
902,3
903,6
904,5
905,3
906,3
907,5
908,4
909,5
910,5
911,4
912,6
913,1
914,4
915,6
916,4
917,6
918,4
919,4
920,6
921,1
922,3
923,6
924,6
925,3
926,2
927,6
928,6
929,0
930,2
931,0
932,5
933,6
934,3
935,2
936,3
937,0
938,3
939,3
940,3
941,6
942,2
943,3
944,4
945,6
946,4
947,4
948,3
949,3
950,5
951,2
952,2
953,2
954,0
955,4
956,4
957,6
958,6
959,2
960,2
961,4
962,0
963,3
964,3
965,0
966,0
967,2
968,3
969,3
970,3
971,3
972,6
973,0
974,6
975,6
976,0
977,0
978,3
979,6
980,4
981,5
982,0
983,4
984,2
985,6
986,3
987,3
988,3
989,3
990,5
991,6
992,4
993,3
994,4
995,6
996,2
997,6
998,6
999,3
1000,2
1001,2
1002,6
1003,2
1004,4
1005,6
1006,2
1007,6
1008,3
1009,2
1010,6
1011,5
1012,6
1013,3
1014,4
1015,3
1016,0
1017,0
1018,3
1019,4
1020,6
1021,0
1022,6
1023,2
1024,0
1025,6
1026,0
1027,6
1028,4
1029,6
1030,0
1031,3
1032,3
1033,3
1034,4
1035,3
1036,3
1037,3
1038,5
1039,3
1040,6
1041,6
1042,3
1043,0
1044,3
1045,6
1046,0
1047,4
1048,4
1049,6
1050,3
1051,0
1052,6
1053,2
1054,5
1055,3
1056,4
1057,6
1058,3
1059,4
1060,3
1061,3
1062,3
1063,3
1064,3
1065,6
1066,3
1067,3
1068,4
1069,3
1070,2
1071,6
1072,2
1073,3
1074,6
1075,3
1076,2
1077,4
1078,6
1079,0
1080,3
1081,3
1082,5
1083,4
1084,6
1085,6
1086,3
1087,5
1088,5
1089,3
1090,2
1091,3
1092,6
1093,2
1094,6
1095,4
1096,6
1097,3
1098,0
1099,6
1100,6
1101,4
1102,3
1103,2
1104,2
1105,2
1106,0
1107,6
1108,2
1109,2
1110,4
1111,6
1112,3
1113,6
1114,5
1115,6
1116,2
1117,3
1118,4
1119,3
1120,5
1121,0
1122,3
1123,4
1124,2
1125,3
1126,3
1127,0
1128,3
1129,6
1130,6
1131,3
1132,3
1133,3
1134,3
1135,2
1136,2
1137,4
1138,3
1139,6
1140,5
1141,0
1142,0
1143,4
1144,6
1145,4
1146,0
1147,3
1148,6
1149,2
1150,6
1151,6
1152,0
1153,0
1154,5
1155,5
1156,3
1157,3
1158,3
1159,0
1160,0
1161,4
1162,4
1163,5
1164,4
1165,5
1166,0
1167,0
1168,6
1169,2
1170,4
1171,4
1172,3
1173,5
1174,2
1175,4
1176,4
1177,5
1178,0
1179,2
1180,3
1181,0
1182,4
1183,6
1184,6
1185,5
1186,3
1187,5
1188,6
1189,3
1190,4
1191,4
1192,0
1193,6
1194,3
1195,5
1196,3
1197,2
1198,3
1199,2
1200,5
1201,3
1202,2
1203,2
1204,6
1205,4
1206,3
1207,6
1208,3
1209,4
1210,3
1211,5
1212,4
1213,2
1214,2
1215,0
1216,4
1217,3
1218,5
1219,6
1220,4
1221,3
1222,5
1223,3
1224,0
1225,3
1226,4
1227,2
1228,4
1229,3
1230,6
1231,3
1232,0
1233,4
1234,6
1235,6
1236,5
1237,3
1238,0
1239,4
1240,3
1241,0
1242,0
1243,5
1244,6
1245,5
1246,5
1247,4
1248,5
1249,3
1250,3
1251,6
1252,3
1253,2
1254,0
1255,6
1256,3
1257,2
1258,3
1259,6
1260,6
1261,2
1262,0
1263,2
1264,6
1265,3
1266,3
1267,0
1268,2
1269,6
1270,3
1271,6
1272,3
1273,0
1274,6
1275,5
1276,2
1277,6
1278,3
1279,3
1280,0
1281,6
1282,3
1283,3
1284,3
1285,4
1286,3
1287,6
1288,5
1289,4
1290,2
1291,6
1292,4
1293,0
1294,3
1295,0
1296,5
1297,3
1298,6
1299,5
1300,4
1301,4
1302,3
1303,6
1304,2
1305,2
1306,3
1307,3
1308,6
1309,4
1310,6
1311,3
1312,3
1313,2
1314,4
1315,0
1316,0
1317,6
1318,3
1319,0
1320,2
1321,6
1322,3
1323,3
1324,3
1325,3
1326,4
1327,6
1328,5
1329,2
1330,6
1331,4
1332,3
1333,4
1334,2
1335,6
1336,2
1337,5
1338,4
1339,5
1340,3
1341,6
1342,6
1343,6
1344,6
1345,3
1346,3
1347,3
1348,3
1349,0
1350,6
1351,4
1352,5
1353,3
1354,6
1355,3
1356,6
1357,0
1358,5
1359,6
1360,0
1361,5
1362,5
1363,6
1364,5
1365,4
1366,6
1367,2
1368,2
1369,2
1370,2
1371,6
1372,5
1373,0
1374,3
1375,4
1376,0
1377,6
1378,5
1379,4
1380,3
1381,4
1382,3
1383,0
1384,3
1385,2
1386,3
1387,6
1388,3
1389,3
1390,3
1391,5
1392,3
1393,3
1394,6
1395,4
1396,4
1397,3
1398,3
1399,5
1400,6
1401,6
1402,3
1403,5
1404,0
1405,3
1406,4
1407,3
1408,6
1409,0
1410,3
1411,0
1412,4
1413,2
1414,6
1415,4
1416,6
1417,3
1418,3
1419,6
1420,2
1421,6
1422,3
1423,6
1424,5
1425,4
1426,3
1427,6
1428,4
1429,3
1430,6
1431,6
1432,4
1433,5
1434,3
1435,6
1436,2
1437,2
1438,3
1439,6
1440,3
1441,4
1442,2
1443,5
1444,0
1445,6
1446,3
1447,2
1448,5
1449,3
1450,6
1451,6
1452,6
1453,3
1454,3
1455,3
1456,3
1457,3
1458,3
1459,3
1460,6
1461,2
1462,0
1463,3
1464,2
1465,5
1466,3
1467,3
1468,5
1469,3
1470,4
1471,3
1472,6
1473,3
1474,4
1475,6
1476,3
1477,3
1478,3
1479,3
1480,6
1481,5
1482,2
1483,5
1484,3
1485,0
1486,6
1487,6
1488,2
1489,3
1490,6
1491,2
1492,3
1493,3
1494,6
1495,3
1496,0
1497,6
1498,4
1499,6
1500,5
1501,6
1502,6
1503,2
1504,2
1505,6
1506,3
1507,3
1508,3
1509,6
1510,6
1511,6
1512,3
1513,2
1514,6
1515,2
1516,5
1517,2
1518,0
1519,3
1520,0
1521,0
1522,0
1523,2
1524,4
1525,6
1526,2
1527,3
1528,2
1529,6
1530,2
1531,0
1532,3
1533,2
1534,5
1535,2
1536,3
1537,6
1538,4
1539,3
1540,3
1541,4
1542,2
1543,0
1544,3
1545,4
1546,6
1547,3
1548,6
1549,6
1550,0
1551,6
1552,3
1553,0
1554,2
1555,3
1556,3
1557,6
1558,3
1559,0
1560,6
1561,4
1562,6
1563,2
1564,4
1565,4
1566,6
1567,0
1568,6
1569,6
1570,4
1571,3
1572,6
1573,2
1574,6
1575,3
1576,0
1577,3
1578,6
1579,3
1580,6
1581,6
1582,6
1583,6
1584,2
1585,6
1586,6
1587,0
1588,6
1589,4
1590,3
1591,5
1592,6
1593,0
1594,2
1595,4
1596,0
1597,6
1598,6
1599,3
1600,2
1601,4
1602,6
1603,5
1604,4
1605,6
1606,6
1607,2
1608,0
1609,2
1610,6
1611,4
1612,2
1613,5
1614,6
1615,3
1616,2
1617,4
1618,0
1619,3
1620,3
1621,3
1622,4
1623,3
1624,6
1625,3
1626,4
1627,2
1628,0
1629,3
1630,0
1631,2
1632,3
1633,3
1634,3
1635,2
1636,6
1637,6
1638,4
1639,4
1640,2
1641,3
1642,3
1643,2
1644,6
1645,6
1646,5
1647,4
1648,6
1649,4
1650,3
1651,5
1652,3
1653,0
1654,3
1655,4
1656,4
1657,6
1658,6
1659,5
1660,0
1661,3
1662,4
1663,4
1664,3
1665,6
1666,0
1667,6
1668,4
1669,4
1670,6
1671,3
1672,6
1673,3
1674,2
1675,4
1676,6
1677,6
1678,5
1679,5
1680,2
1681,5
1682,6
1683,3
1684,5
1685,0
1686,6
1687,6
1688,0
1689,6
1690,0
1691,3
1692,3
1693,4
1694,3
1695,4
1696,0
1697,3
1698,3
1699,0
1700,0
1701,2
1702,0
1703,5
1704,2
1705,3
1706,6
1707,3
1708,3
1709,4
1710,6
1711,2
1712,6
1713,6
1714,5
1715,3
1716,3
1717,6
1718,5
1719,1
1720,6
1721,0
1722,2
1723,4
1724,6
1725,4
1726,4
1727,3
1728,3
1729,6
1730,4
1731,6
1732,6
1733,2
1734,3
1735,6
1736,3
1737,0
1738,0
1739,5
1740,3
1741,6
1742,5
1743,3
1744,5
1745,4
1746,0
1747,4
1748,6
1749,0
1750,0
1751,0
1752,5
1753,4
1754,3
1755,0
1756,5
1757,3
1758,0
1759,2
1760,2
1761,6
1762,3
1763,6
1764,4
1765,6
1766,4
1767,5
1768,3
1769,6
1770,0
1771,2
1772,3
1773,2
1774,3
1775,6
1776,6
1777,0
1778,0
1779,6
1780,5
1781,6
1782,3
1783,2
1784,5
1785,3
1786,5
1787,3
1788,0
1789,3
1790,2
1791,3
1792,6
1793,3
1794,6
1795,4
1796,4
1797,0
1798,5
1799,0
1800,3
1801,6
1802,4
1803,3
1804,2
1805,4
1806,6
1807,3
1808,3
1809,5
1810,4
1811,5
1812,3
1813,2
1814,2
1815,0
1816,6
1817,0
1818,6
1819,6
1820,4
1821,4
1822,3
1823,6
1824,2
1825,6
1826,0
1827,6
1828,5
1829,6
1830,6
1831,6
1832,6
1833,6
1834,4
1835,4
1836,0
1837,6
1838,6
1839,0
1840,4
1841,1
1842,2
1843,2
1844,4
1845,3
1846,6
1847,4
1848,6
1849,6
1850,3
1851,3
1852,6
1853,6
1854,6
1855,2
1856,4
1857,3
1858,5
1859,2
1860,3
1861,4
1862,3
1863,6
1864,5
1865,5
1866,4
1867,6
1868,3
1869,2
1870,2
1871,2
1872,6
1873,3
1874,4
1875,5
1876,3
1877,5
1878,3
1879,3
1880,0
1881,5
1882,5
1883,3
1884,4
1885,5
1886,4
1887,5
1888,5
1889,5
1890,5
1891,6
1892,1
1893,1
1894,3
1895,3
1896,0
1897,6
1898,6
1899,3
1900,2
1901,3
1902,4
1903,4
1904,4
1905,6
1906,6
1907,6
1908,3
1909,6
1910,3
1911,5
1912,4
1913,6
1914,5
1915,6
1916,5
1917,3
1918,6
1919,5
1920,4
1921,5
1922,4
1923,6
1924,3
1925,3
1926,3
1927,3
1928,5
1929,4
1930,2
1931,5
1932,2
1933,4
1934,6
1935,5
1936,6
1937,3
1938,2
1939,5
1940,0
1941,4
1942,3
1943,3
1944,3
1945,5
1946,4
1947,3
1948,2
1949,5
1950,3
1951,6
1952,3
1953,6
1954,3
1955,3
1956,4
1957,4
1958,3
1959,3
1960,5
1961,4
1962,4
1963,3
1964,4
1965,4
1966,3
1967,3
1968,6
1969,3
1970,3
1971,4
1972,5
1973,3
1974,3
1975,6
1976,4
1977,6
1978,3
1979,3
1980,6
1981,0
1982,2
1983,3
1984,3
1985,2
1986,4
1987,0
1988,3
1989,2
1990,6
1991,3
1992,6
1993,6
1994,6
1995,3
1996,2
1997,6
1998,6
1999,6
2000,0
2001,3
2002,6
2003,4
2004,6
2005,5
2006,6
2007,5
2008,4
2009,4
2010,0
2011,3
2012,3
2013,6
2014,2
2015,6
2016,5
2017,5
2018,2
2019,6
2020,2
2021,2
2022,5
2023,4
2024,2
2025,3
2026,0
2027,0
2028,3
2029,3
2030,0
2031,5
2032,3
2033,0
2034,2
2035,5
2036,2
2037,4
2038,2
2039,2
2040,3
2041,4
2042,5
2043,4
2044,0
2045,0
2046,3
2047,6
2048,6
2049,2
2050,0
2051,3
2052,1
2053,4
2054,6
2055,3
2056,4
2057,6
2058,4
2059,3
2060,5
2061,2
2062,3
2063,3
2064,2
2065,0
2066,6
2067,0
2068,5
2069,5
2070,3
2071,3
2072,0
2073,6
2074,0
2075,2
2076,2
2077,2
2078,5
2079,6
2080,0
2081,5
2082,4
2083,5
2084,5
2085,4
2086,3
2087,3
2088,0
2089,6
2090,2
2091,2
2092,6
2093,3
2094,6
2095,3
2096,3
2097,3
2098,3
2099,2
2100,3
2101,6
2102,5
2103,4
2104,5
2105,3
2106,0
2107,4
2108,4
2109,6
2110,2
2111,3
2112,5
2113,3
2114,3
2115,3
2116,3
2117,3
2118,3
2119,1
2120,2
2121,3
2122,2
2123,3
2124,6
2125,3
2126,2
2127,3
2128,3
2129,6
2130,6
2131,2
2132,6
2133,3
2134,4
2135,6
2136,0
2137,2
2138,4
2139,3
2140,3
2141,6
2142,3
2143,0
2144,6
2145,3
2146,3
2147,6
2148,2
2149,2
2150,3
2151,6
2152,3
2153,5
2154,4
2155,3
2156,0
2157,5
2158,4
2159,2
2160,6
2161,3
2162,3
2163,0
2164,5
2165,3
2166,3
2167,5
2168,0
2169,6
2170,2
2171,4
2172,3
2173,6
2174,6
2175,6
2176,3
2177,2
2178,0
2179,4
2180,4
2181,2
2182,3
2183,6
2184,5
2185,3
2186,2
2187,0
2188,3
2189,4
2190,5
2191,0
2192,0
2193,3
2194,3
2195,3
2196,6
2197,3
2198,0
2199,3
2200,3
2201,6
2202,4
2203,3
2204,4
2205,6
2206,3
2207,6
2208,3
2209,6
2210,2
2211,3
2212,3
2213,4
2214,6
2215,2
2216,5
2217,4
2218,0
2219,0
2220,5
2221,2
2222,2
2223,6
2224,0
2225,6
2226,5
2227,2
2228,2
2229,3
2230,0
2231,6
2232,2
2233,6
2234,5
2235,3
2236,6
2237,0
2238,5
2239,3
2240,5
2241,6
2242,3
2243,0
2244,4
2245,6
2246,3
2247,2
2248,6
2249,6
2250,6
2251,3
2252,3
2253,3
2254,2
2255,0
2256,3
2257,4
2258,5
2259,4
2260,5
2261,3
2262,5
2263,0
2264,6
2265,3
2266,3
2267,4
2268,4
2269,5
2270,3
2271,0
2272,2
2273,4
2274,6
2275,3
2276,6
2277,3
2278,6
2279,6
2280,5
2281,0
2282,4
2283,3
2284,5
2285,2
2286,3
2287,0
2288,6
2289,2
2290,3
2291,3
2292,3
2293,2
2294,3
2295,3
2296,5
2297,3
2298,6
2299,5
2300,2
2301,3
2302,3
2303,3
2304,0
2305,2
2306,6
2307,3
2308,3
2309,3
2310,0
2311,3
2312,6
2313,3
2314,6
2315,3
2316,3
2317,2
2318,3
2319,0
2320,3
2321,5
2322,0
2323,4
2324,0
2325,3
2326,3
2327,4
2328,5
2329,4
2330,3
2331,4
2332,6
2333,4
2334,6
2335,0
2336,0
2337,4
2338,5
2339,2
2340,0
2341,3
2342,3
2343,3
2344,3
2345,5
2346,2
2347,3
2348,6
2349,5
2350,6
2351,4
2352,3
2353,3
2354,3
2355,4
2356,2
2357,3
2358,3
2359,2
2360,0
2361,6
2362,5
2363,0
2364,0
2365,6
2366,6
2367,3
2368,0
2369,3
2370,2
2371,3
2372,6
2373,6
2374,6
2375,3
2376,3
2377,4
2378,3
2379,4
2380,3
2381,5
2382,6
2383,6
2384,2
2385,6
2386,2
2387,6
2388,5
2389,6
2390,4
2391,0
2392,3
2393,5
2394,2
2395,6
2396,0
2397,3
2398,5
2399,0
2400,4
2401,6
2402,0
2403,3
2404,6
2405,6
2406,2
2407,2
2408,4
2409,3
2410,3
2411,0
2412,3
2413,5
2414,6
2415,3
2416,0
2417,5
2418,6
2419,3
2420,0
2421,6
2422,3
2423,2
2424,5
2425,5
2426,6
2427,3
2428,3
2429,3
2430,6
2431,3
2432,3
2433,2
2434,4
2435,2
2436,3
2437,3
2438,5
2439,3
2440,6
2441,3
2442,0
2443,2
2444,0
2445,4
2446,3
2447,6
2448,5
2449,4
2450,5
2451,3
2452,6
2453,6
2454,5
2455,6
2456,2
2457,3
2458,3
2459,2
2460,0
2461,3
2462,3
2463,3
2464,5
2465,4
2466,4
2467,3
2468,3
2469,3
2470,6
2471,0
2472,2
2473,2
2474,2
2475,2
2476,5
2477,3
2478,5
2479,2
2480,6
2481,4
2482,2
2483,5
2484,0
2485,5
2486,4
2487,1
2488,2
2489,5
2490,5
2491,5
2492,0
2493,3
2494,0
2495,2
2496,2
2497,5
2498,0
2499,3
2500,3
2501,0
2502,6
2503,2
2504,0
2505,3
2506,4
2507,4
2508,6
2509,4
2510,2
2511,4
2512,0
2513,6
2514,5
2515,0
2516,4
2517,2
2518,6
2519,2
2520,2
2521,3
2522,2
2523,0
2524,0
2525,6
2526,3
2527,3
2528,4
2529,2
2530,3
2531,6
2532,3
2533,3
2534,3
2535,2
2536,3
2537,6
2538,0
2539,3
2540,0
2541,3
2542,3
2543,0
2544,0
2545,2
2546,3
2547,3
2548,6
2549,3
2550,4
2551,6
2552,0
2553,6
2554,6
2555,6
2556,3
2557,0
2558,4
2559,6
2560,0
2561,2
2562,6
2563,4
2564,2
2565,3
2566,6
2567,3
2568,4
2569,6
2570,2
2571,0
2572,3
2573,3
2574,0
2575,0
2576,3
2577,6
2578,3
2579,0
2580,0
2581,4
2582,3
2583,3
2584,6
2585,5
2586,3
2587,0
2588,3
2589,3
2590,2
2591,4
2592,3
2593,4
2594,3
2595,5
2596,3
2597,4
2598,0
2599,3
2600,3
2601,6
2602,6
2603,6
2604,3
2605,0
2606,6
2607,3
2608,6
2609,6
2610,6
2611,3
2612,2
2613,0
2614,6
2615,5
2616,2
2617,3
2618,4
2619,4
2620,3
2621,2
2622,2
2623,2
2624,4
2625,3
2626,6
2627,3
2628,3
2629,0
2630,3
2631,5
2632,4
2633,4
2634,4
2635,2
2636,5
2637,3
2638,6
2639,5
2640,3
2641,3
2642,3
2643,2
2644,5
2645,5
2646,2
2647,2
2648,2
2649,3
2650,2
2651,4
2652,3
2653,4
2654,3
2655,5
2656,6
2657,3
2658,2
2659,1
2660,6
2661,3
2662,6
2663,6
2664,6
2665,3
2666,6
2667,3
2668,3
2669,2
2670,4
2671,4
2672,4
2673,6
2674,4
2675,3
2676,3
2677,3
2678,6
2679,3
2680,3
2681,2
2682,5
2683,2
2684,6
2685,2
2686,2
2687,6
2688,0
2689,0
2690,3
2691,2
2692,4
2693,3
2694,2
2695,3
2696,5
2697,2
2698,6
2699,0
2700,4
2701,3
2702,2
2703,4
2704,3
2705,6
2706,6
2707,6
2708,4
2709,2
2710,3
2711,3
2712,4
2713,3
2714,5
2715,2
2716,6
2717,6
2718,0
2719,2
2720,0
2721,0
2722,0
2723,6
2724,5
2725,3
2726,6
2727,6
2728,2
2729,3
2730,3
2731,3
2732,2
2733,0
2734,2
2735,6
2736,6
2737,6
2738,2
2739,5
2740,4
2741,2
2742,5
2743,4
2744,3
2745,2
2746,3
2747,3
2748,3
2749,3
2750,6
2751,6
2752,2
2753,3
2754,5
2755,2
2756,0
2757,6
2758,4
2759,0
2760,6
2761,6
2762,6
2763,3
2764,5
2765,3
2766,2
2767,6
2768,0
2769,2
2770,5
2771,4
2772,4
2773,3
2774,4
2775,6
2776,0
2777,0
2778,3
2779,2
2780,4
2781,3
2782,0
2783,2
2784,2
2785,2
2786,6
2787,5
2788,0
2789,4
2790,4
2791,2
2792,6
2793,6
2794,0
2795,2
2796,0
2797,6
2798,6
2799,4
2800,3
2801,6
2802,0
2803,5
2804,5
2805,3
2806,3
2807,6
2808,2
2809,3
2810,0
2811,5
2812,4
2813,6
2814,2
2815,3
2816,3
2817,3
2818,3
2819,6
2820,0
2821,5
2822,6
2823,3
2824,3
2825,4
2826,6
2827,2
2828,6
2829,0
2830,2
2831,3
2832,6
2833,3
2834,0
2835,2
2836,5
2837,0
2838,6
2839,4
2840,0
2841,5
2842,3
2843,4
2844,5
2845,3
2846,4
2847,5
2848,3
2849,3
2850,5
2851,4
2852,6
2853,2
2854,5
2855,0
2856,6
2857,2
2858,2
2859,4
2860,2
2861,5
2862,3
2863,3
2864,3
2865,3
2866,0
2867,6
2868,3
2869,3
2870,2
2871,4
2872,0
2873,6
2874,4
2875,5
2876,6
2877,0
2878,2
2879,2
2880,4
2881,6
2882,6
2883,0
2884,6
2885,2
2886,0
2887,6
2888,3
2889,3
2890,6
2891,4
2892,4
2893,3
2894,0
2895,1
2896,3
2897,3
2898,5
2899,6
2900,0
2901,6
2902,0
2903,5
2904,0
2905,2
2906,4
2907,3
2908,3
2909,2
2910,6
2911,3
2912,6
2913,3
2914,6
2915,4
2916,2
2917,5
2918,3
2919,2
2920,3
2921,6
2922,2
2923,5
2924,5
2925,4
2926,6
2927,4
2928,3
2929,4
2930,5
2931,6
2932,3
2933,4
2934,4
2935,3
2936,3
2937,4
2938,6
2939,0
2940,6
2941,6
2942,0
2943,4
2944,2
2945,3
2946,2
2947,4
2948,6
2949,0
2950,3
2951,4
2952,5
2953,5
2954,6
2955,5
2956,3
2957,0
2958,5
2959,3
2960,2
2961,0
2962,5
2963,2
2964,0
2965,3
2966,4
2967,3
2968,0
2969,2
2970,3
2971,3
2972,2
2973,3
2974,3
2975,0
2976,6
2977,5
2978,3
2979,6
2980,3
2981,4
2982,3
2983,0
2984,4
2985,0
2986,6
2987,5
2988,4
2989,5
2990,5
2991,4
2992,2
2993,6
2994,0
2995,6
2996,6
2997,2
2998,3
2999,6
3000,2
3001,4
3002,0
3003,3
3004,0
3005,6
3006,4
3007,0
3008,2
3009,3
3010,5
3011,4
3012,4
3013,0
3014,0
3015,3
3016,3
3017,4
3018,3
3019,2
3020,0
3021,0
3022,5
3023,2
3024,0
3025,2
3026,2
3027,2
3028,3
3029,2
3030,3
3031,6
3032,3
3033,3
3034,6
3035,6
3036,3
3037,3
3038,5
3039,6
3040,2
3041,6
3042,2
3043,3
3044,6
3045,3
3046,3
3047,3
3048,3
3049,5
3050,6
3051,3
3052,3
3053,6
3054,5
3055,6
3056,3
3057,3
3058,4
3059,5
3060,6
3061,3
3062,6
3063,3
3064,4
3065,6
3066,5
3067,6
3068,2
3069,3
3070,0
3071,0
3072,5
3073,5
3074,4
3075,5
3076,3
3077,4
3078,5
3079,4
3080,6
3081,5
3082,4
3083,3
3084,5
3085,0
3086,2
3087,0
3088,0
3089,3
3090,2
3091,4
3092,3
3093,3
3094,6
3095,0
3096,6
3097,3
3098,6
3099,4
3100,0
3101,3
3102,3
3103,3
3104,3
3105,5
3106,2
3107,4
3108,5
3109,2
3110,0
3111,3
3112,2
3113,3
3114,6
3115,4
3116,0
3117,5
3118,6
3119,0
3120,2
3121,3
3122,4
3123,6
3124,3
3125,4
3126,6
3127,4
3128,5
3129,4
3130,0
3131,6
3132,4
3133,2
3134,3
3135,5
3136,3
3137,3
3138,4
3139,5
3140,0
3141,3
3142,6
3143,6
3144,3
3145,3
3146,3
3147,3
3148,4
3149,3
3150,4
3151,6
3152,3
3153,6
3154,3
3155,4
3156,3
3157,3
3158,0
3159,4
3160,4
3161,3
3162,6
3163,6
3164,0
3165,4
3166,3
3167,6
3168,5
3169,2
3170,0
3171,2
3172,6
3173,3
3174,3
3175,6
3176,5
3177,6
3178,4
3179,0
3180,6
3181,3
3182,6
3183,0
3184,4
3185,3
3186,5
3187,3
3188,3
3189,6
3190,5
3191,6
3192,6
3193,5
3194,2
3195,2
3196,5
3197,6
3198,0
3199,3
3200,6
3201,3
3202,6
3203,4
3204,6
3205,4
3206,4
3207,2
3208,2
3209,6
3210,6
3211,0
3212,0
3213,2
3214,2
3215,0
3216,0
3217,0
3218,6
3219,3
3220,5
3221,6
3222,4
3223,6
3224,3
3225,3
3226,5
3227,6
3228,4
3229,6
3230,0
3231,4
3232,4
3233,2
3234,6
3235,5
3236,3
3237,0
3238,0
3239,2
3240,6
3241,3
3242,3
3243,3
3244,5
3245,6
3246,4
3247,3
3248,2
3249,3
3250,2
3251,3
3252,5
3253,3
3254,6
3255,2
3256,5
3257,3
3258,4
3259,5
3260,0
3261,3
3262,2
3263,3
3264,4
3265,3
3266,4
3267,6
3268,3
3269,2
3270,6
3271,2
3272,6
3273,0
3274,5
3275,4
3276,3
3277,6
3278,3
3279,6
3280,0
3281,3
3282,4
3283,4
3284,3
3285,4
3286,4
3287,6
3288,4
3289,5
3290,6
3291,6
3292,0
3293,2
3294,3
3295,5
3296,4
3297,2
3298,2
3299,6
3300,6
3301,4
3302,3
3303,3
3304,3
3305,6
3306,3
3307,6
3308,6
3309,4
3310,0
3311,0
3312,3
3313,3
3314,0
3315,0
3316,0
3317,4
3318,3
3319,6
3320,2
3321,4
3322,5
3323,2
3324,0
3325,2
3326,2
3327,6
3328,3
3329,6
3330,3
3331,5
3332,3
3333,6
3334,3
3335,4
3336,6
3337,3
3338,3
3339,3
3340,6
3341,6
3342,0
3343,6
3344,6
3345,6
3346,3
3347,2
3348,2
3349,2
3350,2
3351,0
3352,5
3353,3
3354,3
3355,6
3356,0
3357,0
3358,4
3359,3
3360,0
3361,6
3362,0
3363,0
3364,6
3365,0
3366,3
3367,2
3368,0
3369,0
3370,5
3371,3
3372,6
3373,6
3374,4
3375,3
3376,3
3377,0
3378,3
3379,0
3380,2
3381,6
3382,4
3383,3
3384,4
3385,0
3386,3
3387,5
3388,0
3389,5
3390,5
3391,3
3392,3
3393,0
3394,5
3395,4
3396,3
3397,6
3398,5
3399,3
3400,4
3401,4
3402,4
3403,0
3404,4
3405,6
3406,6
3407,2
3408,6
3409,6
3410,5
3411,0
3412,2
3413,6
3414,6
3415,0
3416,2
3417,4
3418,6
3419,3
3420,4
3421,5
3422,4
3423,5
3424,6
3425,3
3426,6
3427,6
3428,0
3429,4
3430,6
3431,3
3432,1
3433,3
3434,4
3435,3
3436,4
3437,5
3438,6
3439,5
3440,6
3441,2
3442,5
3443,5
3444,2
3445,0
3446,6
3447,3
3448,4
3449,4
3450,5
3451,3
3452,6
3453,3
3454,6
3455,6
3456,2
3457,3
3458,3
3459,6
3460,3
3461,5
3462,3
3463,4
3464,5
3465,2
3466,6
3467,5
3468,3
3469,0
3470,2
3471,4
3472,0
3473,3
3474,4
3475,4
3476,3
3477,3
3478,6
3479,6
3480,4
3481,3
3482,6
3483,3
3484,2
3485,3
3486,6
3487,4
3488,6
3489,3
3490,2
3491,0
3492,2
3493,2
3494,6
3495,0
3496,2
3497,2
3498,4
3499,5
3500,6
3501,4
3502,0
3503,5
3504,6
3505,5
3506,0
3507,3
3508,0
3509,0
3510,6
3511,6
3512,4
3513,3
3514,0
3515,2
3516,0
3517,2
3518,3
3519,4
3520,6
3521,4
3522,0
3523,5
3524,4
3525,4
3526,5
3527,3
3528,3
3529,6
3530,4
3531,0
3532,4
3533,6
3534,5
3535,3
3536,4
3537,2
3538,3
3539,3
3540,3
3541,2
3542,3
3543,4
3544,6
3545,5
3546,2
3547,2
3548,3
3549,3
3550,3
3551,1
3552,0
3553,3
3554,3
3555,2
3556,6
3557,5
3558,4
3559,6
3560,6
3561,3
3562,2
3563,6
3564,6
3565,3
3566,6
3567,6
3568,0
3569,0
3570,5
3571,6
3572,0
3573,3
3574,5
3575,5
3576,6
3577,3
3578,6
3579,2
3580,6
3581,5
3582,3
3583,3
3584,0
3585,3
3586,6
3587,6
3588,6
3589,0
3590,2
3591,6
3592,4
3593,4
3594,0
3595,6
3596,3
3597,0
3598,3
3599,3
3600,3
3601,6
3602,4
3603,4
3604,6
3605,2
3606,5
3607,4
3608,5
3609,3
3610,6
3611,0
3612,6
3613,3
3614,4
3615,5
3616,6
3617,6
3618,3
3619,0
3620,2
3621,6
3622,5
3623,1
3624,3
3625,2
3626,6
3627,0
3628,4
3629,6
3630,6
3631,6
3632,4
3633,6
3634,4
3635,3
3636,6
3637,3
3638,3
3639,2
3640,2
3641,3
3642,0
3643,0
3644,2
3645,3
3646,5
3647,2
3648,4
3649,4
3650,5
3651,6
3652,6
3653,3
3654,0
3655,3
3656,5
3657,6
3658,4
3659,0
3660,2
3661,6
3662,6
3663,3
3664,6
3665,6
3666,2
3667,5
3668,3
3669,2
3670,3
3671,5
3672,3
3673,6
3674,6
3675,6
3676,5
3677,3
3678,3
3679,3
3680,5
3681,4
3682,6
3683,6
3684,6
3685,2
3686,5
3687,2
3688,2
3689,5
3690,3
3691,6
3692,6
3693,3
3694,3
3695,5
3696,5
3697,2
3698,3
3699,0
3700,3
3701,0
3702,0
3703,3
3704,6
3705,3
3706,2
3707,3
3708,5
3709,2
3710,3
3711,5
3712,6
3713,6
3714,0
3715,4
3716,3
3717,3
3718,3
3719,6
3720,3
3721,4
3722,3
3723,5
3724,0
3725,6
3726,6
3727,3
3728,4
3729,0
3730,3
3731,3
3732,4
3733,4
3734,6
3735,3
3736,6
3737,6
3738,2
3739,6
3740,6
3741,6
3742,3
3743,6
3744,2
3745,2
3746,6
3747,6
3748,3
3749,6
3750,5
3751,3
3752,5
3753,6
3754,6
3755,4
3756,5
3757,3
3758,6
3759,3
3760,5
3761,0
3762,5
3763,4
3764,2
3765,6
3766,6
3767,2
3768,4
3769,4
3770,2
3771,6
3772,0
3773,6
3774,6
3775,5
3776,0
3777,2
3778,5
3779,3
3780,3
3781,6
3782,3
3783,0
3784,5
3785,5
3786,6
3787,5
3788,3
3789,6
3790,2
3791,4
3792,2
3793,2
3794,2
3795,0
3796,5
3797,4
3798,4
3799,4
3800,6
3801,5
3802,3
3803,0
3804,5
3805,4
3806,0
3807,6
3808,6
3809,3
3810,4
3811,2
3812,5
3813,3
3814,4
3815,2
3816,2
3817,5
3818,3
3819,3
3820,6
3821,5
3822,2
3823,4
3824,4
3825,6
3826,2
3827,3
3828,0
3829,5
3830,2
3831,0
3832,3
3833,5
3834,3
3835,3
3836,6
3837,0
3838,6
3839,2
3840,4
3841,0
3842,4
3843,4
3844,5
3845,3
3846,3
3847,3
3848,3
3849,3
3850,1
3851,3
3852,6
3853,4
3854,0
3855,6
3856,6
3857,6
3858,6
3859,3
3860,2
3861,3
3862,4
3863,4
3864,4
3865,3
3866,6
3867,6
3868,6
3869,1
3870,2
3871,4
3872,3
3873,6
3874,6
3875,0
3876,4
3877,6
3878,6
3879,2
3880,4
3881,3
3882,6
3883,2
3884,0
3885,3
3886,3
3887,3
3888,6
3889,2
3890,0
3891,0
3892,0
3893,0
3894,4
3895,0
3896,6
3897,6
3898,3
3899,6
3900,2
3901,0
3902,5
3903,2
3904,3
3905,3
3906,6
3907,0
3908,6
3909,3
3910,6
3911,6
3912,2
3913,6
3914,2
3915,3
3916,6
3917,4
3918,3
3919,6
3920,3
3921,5
3922,4
3923,6
3924,5
3925,6
3926,2
3927,2
3928,4
3929,0
3930,6
3931,4
3932,0
3933,4
3934,2
3935,3
3936,5
3937,0
3938,0
3939,3
3940,2
3941,0
3942,6
3943,5
3944,6
3945,0
3946,3
3947,4
3948,3
3949,3
3950,3
3951,3
3952,4
3953,3
3954,3
3955,4
3956,2
3957,6
3958,6
3959,2
3960,3
3961,3
3962,4
3963,4
3964,4
3965,4
3966,0
3967,3
3968,3
3969,3
3970,5
3971,5
3972,0
3973,6
3974,2
3975,2
3976,2
3977,3
3978,3
3979,6
3980,5
3981,3
3982,2
3983,4
3984,6
3985,4
3986,4
3987,5
3988,0
3989,2
3990,3
3991,6
3992,3
3993,6
3994,6
3995,6
3996,4
3997,2
3998,4
3999,5
4000,6
4001,0
4002,4
4003,6
4004,5
4005,6
4006,0
4007,5
4008,0
4009,0
4010,2
4011,2
4012,3
4013,5
4014,3
4015,6
4016,2
4017,2
4018,5
4019,3
4020,6
4021,6
4022,4
4023,3
4024,3
4025,2
4026,6
4027,6
4028,3
4029,5
4030,6
4031,6
4032,3
4033,6
4034,3
4035,2
4036,4
4037,3
4038,3
4039,6
4040,5
4041,6
4042,6
4043,4
4044,5
4045,6
4046,0
4047,5
4048,3
4049,4
4050,3
4051,6
4052,2
4053,5
4054,3
4055,3
4056,4
4057,6
4058,3
4059,4
4060,3
4061,6
4062,2
4063,4
4064,3
4065,5
4066,4
4067,4
4068,0
4069,6
4070,6
4071,5
4072,3
4073,6
4074,6
4075,6
4076,5
4077,6
4078,2
4079,2
4080,4
4081,0
4082,4
4083,6
4084,6
4085,2
4086,2
4087,3
4088,3
4089,2
4090,2
4091,3
4092,4
4093,3
4094,0
4095,5
4096,6
4097,5
4098,2
4099,4
4100,2
4101,0
4102,2
4103,2
4104,0
4105,4
4106,2
4107,3
4108,6
4109,2
4110,5
4111,4
4112,6
4113,5
4114,4
4115,5
4116,6
4117,3
4118,3
4119,6
4120,2
4121,3
4122,5
4123,3
4124,6
4125,2
4126,3
4127,6
4128,0
4129,3
4130,0
4131,6
4132,4
4133,6
4134,4
4135,2
4136,3
4137,3
4138,6
4139,6
4140,0
4141,3
4142,6
4143,4
4144,2
4145,6
4146,0
4147,6
4148,2
4149,1
4150,3
4151,2
4152,4
4153,6
4154,0
4155,3
4156,0
4157,5
4158,2
4159,3
4160,4
4161,6
4162,6
4163,6
4164,0
4165,0
4166,5
4167,0
4168,4
4169,5
4170,5
4171,0
4172,4
4173,3
4174,3
4175,5
4176,5
4177,3
4178,3
4179,6
4180,0
4181,6
4182,0
4183,3
4184,0
4185,3
4186,4
4187,3
4188,3
4189,4
4190,3
4191,6
4192,6
4193,3
4194,6
4195,3
4196,5
4197,0
4198,3
4199,3
4200,0
4201,0
4202,2
4203,1
4204,3
4205,6
4206,6
4207,0
4208,3
4209,5
4210,3
4211,3
4212,6
4213,2
4214,4
4215,5
4216,5
4217,6
4218,3
4219,4
4220,6
4221,3
4222,0
4223,4
4224,4
4225,2
4226,3
4227,3
4228,6
4229,4
4230,6
4231,2
4232,6
4233,3
4234,5
4235,0
4236,6
4237,4
4238,4
4239,2
4240,3
4241,3
4242,0
4243,3
4244,3
4245,3
4246,3
4247,6
4248,4
4249,3
4250,0
4251,4
4252,4
4253,0
4254,4
4255,6
4256,3
4257,4
4258,3
4259,6
4260,4
4261,4
4262,0
4263,0
4264,3
4265,3
4266,3
4267,0
4268,4
4269,6
4270,5
4271,0
4272,0
4273,4
4274,3
4275,6
4276,5
4277,0
4278,0
4279,5
4280,5
4281,4
4282,2
4283,0
4284,3
4285,0
4286,6
4287,6
4288,3
4289,3
4290,2
4291,2
4292,3
4293,6
4294,3
4295,2
4296,6
4297,3
4298,2
4299,2
4300,3
4301,3
4302,6
4303,6
4304,3
4305,3
4306,4
4307,6
4308,3
4309,6
4310,2
4311,6
4312,5
4313,6
4314,3
4315,3
4316,5
4317,6
4318,5
4319,0
4320,3
4321,3
4322,6
4323,0
4324,4
4325,0
4326,0
4327,0
4328,6
4329,2
4330,2
4331,4
4332,3
4333,5
4334,3
4335,0
4336,2
4337,3
4338,4
4339,0
4340,6
4341,3
4342,4
4343,5
4344,4
4345,4
4346,5
4347,4
4348,3
4349,6
4350,3
4351,4
4352,4
4353,6
4354,6
4355,0
4356,3
4357,4
4358,5
4359,3
4360,6
4361,4
4362,6
4363,5
4364,0
4365,3
4366,6
4367,6
4368,6
4369,3
4370,5
4371,2
4372,4
4373,2
4374,2
4375,3
4376,4
4377,2
4378,3
4379,6
4380,4
4381,2
4382,3
4383,3
4384,0
4385,3
4386,5
4387,2
4388,2
4389,4
4390,3
4391,6
4392,3
4393,3
4394,6
4395,3
4396,0
4397,5
4398,6
4399,4
4400,2
4401,6
4402,4
4403,2
4404,2
4405,0
4406,3
4407,3
4408,0
4409,3
4410,3
4411,6
4412,6
4413,3
4414,4
4415,6
4416,3
4417,3
4418,0
4419,2
4420,3
4421,4
4422,2
4423,4
4424,6
4425,3
4426,3
4427,2
4428,6
4429,3
4430,2
4431,6
4432,6
4433,5
4434,5
4435,3
4436,4
4437,3
4438,5
4439,5
4440,3
4441,6
4442,3
4443,2
4444,3
4445,4
4446,4
4447,2
4448,3
4449,2
4450,6
4451,2
4452,3
4453,2
4454,6
4455,3
4456,2
4457,3
4458,3
4459,3
4460,2
4461,0
4462,5
4463,6
4464,2
4465,3
4466,3
4467,3
4468,5
4469,4
4470,6
4471,5
4472,4
4473,6
4474,5
4475,2
4476,6
4477,6
4478,6
4479,3
4480,5
4481,2
4482,2
4483,5
4484,6
4485,3
4486,3
4487,6
4488,6
4489,3
4490,6
4491,4
4492,3
4493,6
4494,3
4495,5
4496,3
4497,6
4498,3
4499,2
4500,0
4501,3
4502,5
4503,3
4504,6
4505,6
4506,2
4507,3
4508,6
4509,2
4510,2
4511,3
4512,0
4513,6
4514,5
4515,0
4516,3
4517,5
4518,6
4519,3
4520,3
4521,3
4522,6
4523,5
4524,2
4525,6
4526,6
4527,3
4528,3
4529,0
4530,2
4531,3
4532,5
4533,5
4534,2
4535,3
4536,2
4537,0
4538,6
4539,5
4540,2
4541,2
4542,5
4543,3
4544,5
4545,4
4546,6
4547,6
4548,0
4549,6
4550,2
4551,0
4552,3
4553,6
4554,3
4555,6
4556,4
4557,3
4558,3
4559,3
4560,2
4561,4
4562,3
4563,5
4564,4
4565,3
4566,3
4567,0
4568,3
4569,3
4570,2
4571,4
4572,4
4573,6
4574,3
4575,2
4576,6
4577,6
4578,2
4579,3
4580,2
4581,5
4582,6
4583,6
4584,3
4585,4
4586,2
4587,3
4588,3
4589,3
4590,2
4591,3
4592,3
4593,3
4594,0
4595,2
4596,0
4597,5
4598,3
4599,0
4600,4
4601,6
4602,6
4603,6
4604,5
4605,5
4606,4
4607,5
4608,6
4609,5
4610,3
4611,6
4612,0
4613,3
4614,3
4615,5
4616,3
4617,5
4618,6
4619,0
4620,5
4621,2
4622,6
4623,6
4624,2
4625,3
4626,3
4627,6
4628,4
4629,3
4630,6
4631,6
4632,6
4633,3
4634,3
4635,4
4636,5
4637,3
4638,3
4639,2
4640,6
4641,4
4642,3
4643,0
4644,3
4645,0
4646,3
4647,0
4648,3
4649,2
4650,2
4651,3
4652,6
4653,3
4654,0
4655,5
4656,2
4657,3
4658,3
4659,3
4660,2
4661,6
4662,6
4663,0
4664,2
4665,5
4666,3
4667,5
4668,6
4669,5
4670,6
4671,2
4672,6
4673,0
4674,1
4675,3
4676,5
4677,3
4678,1
4679,2
4680,5
4681,6
4682,3
4683,3
4684,5
4685,2
4686,6
4687,0
4688,4
4689,2
4690,0
4691,3
4692,0
4693,2
4694,6
4695,6
4696,2
4697,6
4698,3
4699,6
4700,6
4701,0
4702,5
4703,6
4704,3
4705,6
4706,3
4707,0
4708,3
4709,6
4710,2
4711,4
4712,6
4713,4
4714,3
4715,6
4716,6
4717,4
4718,5
4719,6
4720,5
4721,2
4722,5
4723,4
4724,0
4725,6
4726,6
4727,3
4728,6
4729,6
4730,5
4731,2
4732,3
4733,3
4734,0
4735,4
4736,6
4737,3
4738,4
4739,0
4740,6
4741,2
4742,3
4743,6
4744,5
4745,3
4746,2
4747,5
4748,4
4749,5
4750,0
4751,3
4752,5
4753,6
4754,3
4755,3
4756,6
4757,0
4758,0
4759,6
4760,4
4761,3
4762,6
4763,3
4764,2
4765,3
4766,4
4767,3
4768,4
4769,3
4770,3
4771,3
4772,4
4773,2
4774,2
4775,2
4776,3
4777,4
4778,5
4779,2
4780,6
4781,6
4782,3
4783,0
4784,4
4785,0
4786,6
4787,6
4788,0
4789,2
4790,4
4791,5
4792,5
4793,2
4794,6
4795,3
4796,0
4797,2
4798,4
4799,3
4800,2
4801,2
4802,3
4803,0
4804,4
4805,2
4806,4
4807,4
4808,2
4809,3
4810,4
4811,3
4812,6
4813,2
4814,4
4815,3
4816,3
4817,6
4818,3
4819,6
4820,3
4821,3
4822,3
4823,3
4824,3
4825,6
4826,0
4827,2
4828,2
4829,3
4830,0
4831,3
4832,3
4833,0
4834,0
4835,6
4836,6
4837,5
4838,2
4839,3
4840,2
4841,5
4842,3
4843,3
4844,2
4845,6
4846,2
4847,4
4848,4
4849,4
4850,6
4851,2
4852,1
4853,3
4854,6
4855,6
4856,3
4857,6
4858,5
4859,3
4860,5
4861,3
4862,2
4863,4
4864,6
4865,3
4866,2
4867,3
4868,0
4869,5
4870,0
4871,2
4872,6
4873,5
4874,0
4875,2
4876,6
4877,6
4878,2
4879,6
4880,3
4881,4
4882,0
4883,6
4884,5
4885,4
4886,6
4887,5
4888,6
4889,4
4890,4
4891,6
4892,0
4893,5
4894,0
4895,4
4896,2
4897,3
4898,6
4899,4
4900,4
4901,3
4902,6
4903,6
4904,4
4905,6
4906,2
4907,6
4908,4
4909,0
4910,3
4911,6
4912,4
4913,0
4914,4
4915,2
4916,3
4917,3
4918,6
4919,6
4920,3
4921,4
4922,5
4923,5
4924,0
4925,3
4926,3
4927,3
4928,6
4929,0
4930,6
4931,4
4932,3
4933,6
4934,3
4935,5
4936,2
4937,3
4938,0
4939,0
4940,6
4941,2
4942,2
4943,2
4944,3
4945,0
4946,6
4947,3
4948,3
4949,0
4950,2
4951,3
4952,0
4953,2
4954,4
4955,6
4956,3
4957,4
4958,5
4959,6
4960,3
4961,1
4962,0
4963,6
4964,2
4965,2
4966,3
4967,3
4968,5
4969,5
4970,4
4971,6
4972,0
4973,0
4974,3
4975,6
4976,3
4977,6
4978,6
4979,3
4980,6
4981,3
4982,6
4983,2
4984,4
4985,0
4986,3
4987,0
4988,2
4989,0
4990,6
4991,6
4992,4
4993,2
4994,6
4995,3
4996,6
4997,0
4998,4
4999,6
5000,6
5001,6
5002,3
5003,0
5004,6
5005,6
5006,2
5007,6
5008,6
5009,6
5010,0
5011,2
5012,3
5013,4
5014,3
5015,6
5016,0
5017,0
5018,3
5019,6
5020,0
5021,3
5022,3
5023,6
5024,6
5025,5
5026,4
5027,3
5028,5
5029,0
5030,1
5031,6
5032,4
5033,3
5034,2
5035,6
5036,5
5037,5
5038,3
5039,6
5040,2
5041,4
5042,4
5043,2
5044,4
5045,6
5046,5
5047,0
5048,3
5049,6
5050,5
5051,6
5052,3
5053,0
5054,0
5055,0
5056,2
5057,0
5058,6
5059,6
5060,3
5061,3
5062,2
5063,2
5064,4
5065,0
5066,0
5067,4
5068,0
5069,4
5070,2
5071,4
5072,6
5073,4
5074,2
5075,0
5076,6
5077,4
5078,4
5079,4
5080,2
5081,2
5082,4
5083,4
5084,4
5085,6
5086,6
5087,0
5088,0
5089,3
5090,2
5091,0
5092,2
5093,3
5094,6
5095,5
5096,2
5097,2
5098,6
5099,3
5100,0
5101,5
5102,0
5103,2
5104,3
5105,3
5106,5
5107,6
5108,3
5109,3
5110,6
5111,4
5112,6
5113,2
5114,2
5115,2
5116,5
5117,3
5118,2
5119,2
5120,0
5121,4
5122,6
5123,5
5124,6
5125,3
5126,2
5127,3
5128,2
5129,4
5130,3
5131,4
5132,3
5133,3
5134,3
5135,3
5136,3
5137,3
5138,1
5139,2
5140,6
5141,6
5142,6
5143,2
5144,3
5145,3
5146,4
5147,6
5148,3
5149,6
5150,5
5151,2
5152,2
5153,3
5154,6
5155,4
5156,6
5157,5
5158,3
5159,3
5160,4
5161,3
5162,2
5163,6
5164,6
5165,3
5166,5
5167,6
5168,3
5169,3
5170,5
5171,6
5172,4
5173,3
5174,5
5175,2
5176,4
5177,5
5178,0
5179,3
5180,0
5181,6
5182,2
5183,3
5184,6
5185,4
5186,3
5187,0
5188,0
5189,3
5190,4
5191,6
5192,6
5193,2
5194,3
5195,0
5196,4
5197,3
5198,2
5199,5
5200,6
5201,5
5202,5
5203,0
5204,4
5205,0
5206,3
5207,6
5208,3
5209,4
5210,2
5211,2
5212,6
5213,6
5214,2
5215,2
5216,4
5217,0
5218,3
5219,2
5220,3
5221,0
5222,5
5223,0
5224,3
5225,0
5226,2
5227,6
5228,6
5229,3
5230,6
5231,2
5232,6
5233,0
5234,6
5235,3
5236,2
5237,3
5238,4
5239,3
5240,3
5241,6
5242,4
5243,6
5244,6
5245,3
5246,2
5247,4
5248,2
5249,4
5250,2
5251,4
5252,2
5253,2
5254,3
5255,3
5256,0
5257,6
5258,0
5259,0
5260,6
5261,2
5262,2
5263,2
5264,2
5265,1
5266,6
5267,6
5268,3
5269,3
5270,2
5271,3
5272,3
5273,6
5274,6
5275,3
5276,4
5277,0
5278,4
5279,6
5280,1
5281,2
5282,3
5283,6
5284,5
5285,6
5286,0
5287,4
5288,5
5289,0
5290,3
5291,6
5292,6
5293,4
5294,4
5295,0
5296,5
5297,3
5298,3
5299,6
5300,5
5301,6
5302,2
5303,5
5304,6
5305,3
5306,3
5307,5
5308,6
5309,6
5310,3
5311,0
5312,6
5313,0
5314,0
5315,2
5316,5
5317,5
5318,3
5319,0
5320,3
5321,5
5322,6
5323,4
5324,3
5325,5
5326,6
5327,0
5328,6
5329,3
5330,5
5331,4
5332,3
5333,3
5334,3
5335,3
5336,2
5337,3
5338,0
5339,5
5340,3
5341,2
5342,4
5343,5
5344,3
5345,3
5346,3
5347,0
5348,3
5349,0
5350,3
5351,6
5352,6
5353,3
5354,6
5355,6
5356,3
5357,3
5358,4
5359,0
5360,0
5361,4
5362,0
5363,5
5364,2
5365,6
5366,4
5367,3
5368,6
5369,2
5370,3
5371,4
5372,4
5373,3
5374,3
5375,3
5376,0
5377,0
5378,3
5379,2
5380,6
5381,3
5382,3
5383,5
5384,6
5385,3
5386,2
5387,5
5388,4
5389,3
5390,6
5391,5
5392,0
5393,3
5394,6
5395,5
5396,4
5397,0
5398,3
5399,2
5400,3
5401,4
5402,5
5403,2
5404,5
5405,5
5406,0
5407,0
5408,2
5409,3
5410,3
5411,4
5412,2
5413,6
5414,6
5415,6
5416,5
5417,2
5418,3
5419,3
5420,3
5421,4
5422,4
5423,3
5424,0
5425,3
5426,2
5427,5
5428,2
5429,0
5430,6
5431,5
5432,6
5433,0
5434,2
5435,5
5436,3
5437,3
5438,6
5439,0
5440,0
5441,3
5442,1
5443,3
5444,4
5445,4
5446,6
5447,0
5448,5
5449,6
5450,3
5451,2
5452,6
5453,2
5454,3
5455,2
5456,4
5457,0
5458,2
5459,6
5460,5
5461,3
5462,6
5463,1
5464,3
5465,3
5466,3
5467,0
5468,0
5469,0
5470,5
5471,2
5472,4
5473,3
5474,6
5475,0
5476,5
5477,3
5478,5
5479,6
5480,2
5481,2
5482,6
5483,4
5484,6
5485,6
5486,4
5487,6
5488,4
5489,3
5490,6
5491,6
5492,2
5493,3
5494,3
5495,0
5496,4
5497,3
5498,4
5499,3
5500,3
5501,3
5502,3
5503,5
5504,2
5505,3
5506,3
5507,3
5508,0
5509,6
5510,3
5511,0
5512,4
5513,0
5514,0
5515,4
5516,6
5517,3
5518,2
5519,2
5520,2
5521,2
5522,2
5523,2
5524,4
5525,3
5526,2
5527,2
5528,5
5529,0
5530,5
5531,4
5532,3
5533,6
5534,3
5535,3
5536,3
5537,4
5538,2
5539,3
5540,2
5541,6
5542,0
5543,6
5544,2
5545,4
5546,3
5547,5
5548,3
5549,4
5550,4
5551,3
5552,6
5553,4
5554,5
5555,3
5556,4
5557,2
5558,4
5559,2
5560,3
5561,5
5562,3
5563,6
5564,2
5565,4
5566,5
5567,6
5568,6
5569,3
5570,6
5571,3
5572,3
5573,3
5574,3
5575,6
5576,5
5577,6
5578,6
5579,2
5580,2
5581,2
5582,3
5583,2
5584,3
5585,3
5586,3
5587,4
5588,6
5589,5
5590,4
5591,2
5592,3
5593,3
5594,3
5595,2
5596,0
5597,6
5598,5
5599,6
5600,2
5601,2
5602,6
5603,4
5604,3
5605,2
5606,3
5607,3
5608,6
5609,6
5610,4
5611,2
5612,6
5613,4
5614,3
5615,6
5616,2
5617,3
5618,4
5619,3
5620,3
5621,5
5622,6
5623,0
5624,0
5625,2
5626,6
5627,2
5628,4
5629,2
5630,4
5631,5
5632,6
5633,2
5634,3
5635,3
5636,0
5637,3
5638,3
5639,2
5640,2
5641,2
5642,6
5643,6
5644,3
5645,3
5646,6
5647,6
5648,4
5649,6
5650,2
5651,2
5652,3
5653,2
5654,0
5655,6
5656,5
5657,6
5658,3
5659,3
5660,5
5661,3
5662,2
5663,0
5664,4
5665,4
5666,6
5667,4
5668,3
5669,3
5670,6
5671,2
5672,3
5673,2
5674,0
5675,6
5676,0
5677,3
5678,3
5679,6
5680,0
5681,4
5682,3
5683,3
5684,3
5685,3
5686,5
5687,3
5688,3
5689,6
5690,6
5691,5
5692,2
5693,3
5694,6
5695,3
5696,0
5697,6
5698,3
5699,6
5700,3
5701,3
5702,3
5703,3
5704,4
5705,4
5706,4
5707,3
5708,2
5709,3
5710,6
5711,4
5712,3
5713,6
5714,1
5715,1
5716,6
5717,6
5718,0
5719,6
5720,3
5721,3
5722,3
5723,2
5724,4
5725,3
5726,3
5727,3
5728,3
5729,4
5730,5
5731,3
5732,3
5733,0
5734,4
5735,6
5736,3
5737,6
5738,0
5739,6
5740,3
5741,2
5742,2
5743,5
5744,3
5745,6
5746,6
5747,3
5748,2
5749,5
5750,4
5751,0
5752,2
5753,2
5754,3
5755,3
5756,2
5757,3
5758,6
5759,3
5760,2
5761,0
5762,4
5763,5
5764,3
5765,0
5766,6
5767,3
5768,4
5769,4
5770,3
5771,4
5772,6
5773,0
5774,3
5775,4
5776,2
5777,5
5778,3
5779,4
5780,2
5781,3
5782,4
5783,2
5784,3
5785,0
5786,0
5787,5
5788,3
5789,3
5790,2
5791,2
5792,3
5793,6
5794,6
5795,4
5796,4
5797,2
5798,4
5799,4
5800,2
5801,3
5802,3
5803,0
5804,6
5805,3
5806,2
5807,6
5808,6
5809,2
5810,0
5811,3
5812,6
5813,3
5814,6
5815,3
5816,3
5817,6
5818,3
5819,3
5820,6
5821,6
5822,3
5823,6
5824,6
5825,0
5826,0
5827,4
5828,3
5829,6
5830,6
5831,6
5832,4
5833,4
5834,6
5835,4
5836,6
5837,5
5838,4
5839,2
5840,3
5841,4
5842,3
5843,0
5844,3
5845,3
5846,4
5847,3
5848,5
5849,2
5850,4
5851,3
5852,2
5853,6
5854,6
5855,3
5856,5
5857,3
5858,3
5859,5
5860,3
5861,6
5862,3
5863,4
5864,5
5865,3
5866,2
5867,0
5868,2
5869,2
5870,0
5871,3
5872,0
5873,6
5874,5
5875,6
5876,0
5877,4
5878,3
5879,6
5880,1
5881,2
5882,4
5883,2
5884,5
5885,2
5886,4
5887,2
5888,4
5889,6
5890,3
5891,3
5892,0
5893,3
5894,6
5895,3
5896,4
5897,5
5898,3
5899,3
5900,0
5901,6
5902,5
5903,6
5904,6
5905,3
5906,0
5907,0
5908,3
5909,6
5910,3
5911,0
5912,3
5913,0
5914,0
5915,0
5916,4
5917,4
5918,0
5919,4
5920,2
5921,6
5922,4
5923,0
5924,2
5925,2
5926,6
5927,6
5928,5
5929,6
5930,3
5931,6
5932,5
5933,6
5934,4
5935,3
5936,3
5937,6
5938,5
5939,5
5940,3
5941,3
5942,2
5943,6
5944,4
5945,6
5946,5
5947,2
5948,6
5949,3
5950,2
5951,2
5952,6
5953,3
5954,6
5955,5
5956,6
5957,4
5958,4
5959,6
5960,3
5961,6
5962,6
5963,6
5964,2
5965,5
5966,2
5967,0
5968,4
5969,4
5970,4
5971,5
5972,3
5973,6
5974,3
5975,4
5976,2
5977,0
5978,0
5979,3
5980,3
5981,3
5982,3
5983,6
5984,3
5985,6
5986,3
5987,3
5988,2
5989,0
5990,0
5991,0
5992,2
5993,3
5994,5
5995,0
5996,4
5997,5
5998,6
5999,6
6000,3
6001,2
6002,5
6003,3
6004,6
6005,3
6006,6
6007,3
6008,3
6009,6
6010,0
6011,3
6012,5
6013,2
6014,2
6015,4
6016,5
6017,3
6018,6
6019,6
6020,4
6021,3
6022,0
6023,4
6024,2
6025,5
6026,2
6027,3
6028,3
6029,5
6030,6
6031,6
6032,6
6033,3
6034,5
6035,0
6036,6
6037,3
6038,3
6039,3
6040,0
6041,0
6042,6
6043,4
6044,3
6045,3
6046,2
6047,3
6048,5
6049,3
6050,3
6051,3
6052,3
6053,4
6054,6
6055,4
6056,3
6057,4
6058,5
6059,3
6060,6
6061,0
6062,3
6063,3
6064,2
6065,3
6066,2
6067,3
6068,5
6069,0
6070,0
6071,2
6072,0
6073,6
6074,3
6075,3
6076,4
6077,3
6078,2
6079,4
6080,0
6081,2
6082,3
6083,3
6084,2
6085,5
6086,4
6087,2
6088,6
6089,2
6090,6
6091,5
6092,4
6093,6
6094,6
6095,6
6096,2
6097,4
6098,0
6099,5
6100,4
6101,2
6102,6
6103,3
6104,5
6105,2
6106,3
6107,5
6108,5
6109,2
6110,3
6111,4
6112,4
6113,3
6114,0
6115,5
6116,3
6117,6
6118,4
6119,3
6120,3
6121,0
6122,6
6123,3
6124,5
6125,2
6126,2
6127,3
6128,6
6129,2
6130,6
6131,3
6132,3
6133,4
6134,5
6135,5
6136,3
6137,6
6138,3
6139,6
6140,2
6141,0
6142,4
6143,0
6144,2
6145,6
6146,3
6147,4
6148,3
6149,4
6150,2
6151,0
6152,3
6153,3
6154,6
6155,3
6156,6
6157,4
6158,3
6159,6
6160,0
6161,6
6162,3
6163,5
6164,6
6165,3
6166,6
6167,6
6168,0
6169,5
6170,5
6171,3
6172,2
6173,3
6174,3
6175,3
6176,0
6177,4
6178,6
6179,3
6180,4
6181,3
6182,2
6183,6
6184,5
6185,0
6186,4
6187,6
6188,2
6189,5
6190,4
6191,3
6192,3
6193,5
6194,6
6195,5
6196,4
6197,6
6198,6
6199,2
6200,3
6201,6
6202,6
6203,4
6204,4
6205,3
6206,0
6207,3
6208,4
6209,0
6210,2
6211,4
6212,3
6213,3
6214,5
6215,6
6216,5
6217,5
6218,6
6219,3
6220,2
6221,6
6222,3
6223,2
6224,5
6225,3
6226,6
6227,3
6228,6
6229,4
6230,5
6231,6
6232,3
6233,2
6234,6
6235,0
6236,2
6237,4
6238,4
6239,0
6240,3
6241,4
6242,3
6243,3
6244,6
6245,3
6246,6
6247,3
6248,5
6249,1
6250,2
6251,0
6252,3
6253,4
6254,0
6255,0
6256,3
6257,6
6258,0
6259,3
6260,3
6261,6
6262,4
6263,6
6264,0
6265,6
6266,3
6267,5
6268,2
6269,3
6270,6
6271,3
6272,2
6273,3
6274,6
6275,5
6276,6
6277,5
6278,2
6279,2
6280,4
6281,5
6282,0
6283,6
6284,6
6285,6
6286,3
6287,3
6288,2
6289,4
6290,3
6291,3
6292,4
6293,5
6294,2
6295,6
6296,0
6297,0
6298,3
6299,4
6300,0
6301,4
6302,4
6303,0
6304,0
6305,0
6306,2
6307,5
6308,6
6309,4
6310,3
6311,0
6312,4
6313,2
6314,4
6315,6
6316,6
6317,6
6318,3
6319,0
6320,3
6321,6
6322,0
6323,2
6324,0
6325,6
6326,3
6327,5
6328,4
6329,2
6330,3
6331,0
6332,0
6333,3
6334,4
6335,2
6336,0
6337,2
6338,3
6339,0
6340,5
6341,3
6342,6
6343,2
6344,4
6345,3
6346,4
6347,4
6348,3
6349,4
6350,0
6351,5
6352,0
6353,3
6354,5
6355,3
6356,3
6357,6
6358,3
6359,4
6360,3
6361,6
6362,0
6363,6
6364,0
6365,3
6366,6
6367,5
6368,6
6369,6
6370,3
6371,2
6372,2
6373,3
6374,2
6375,6
6376,4
6377,3
6378,5
6379,6
6380,3
6381,3
6382,4
6383,0
6384,0
6385,5
6386,2
6387,3
6388,2
6389,4
6390,0
6391,2
6392,0
6393,6
6394,3
6395,6
6396,6
6397,6
6398,2
6399,6
6400,6
6401,6
6402,2
6403,4
6404,0
6405,0
6406,0
6407,4
6408,3
6409,5
6410,0
6411,4
6412,2
6413,3
6414,6
6415,3
6416,0
6417,6
6418,6
6419,4
6420,6
6421,5
6422,4
6423,5
6424,3
6425,5
6426,0
6427,6
6428,4
6429,5
6430,3
6431,6
6432,3
6433,3
6434,0
6435,5
6436,2
6437,0
6438,3
6439,4
6440,3
6441,5
6442,2
6443,5
6444,3
6445,5
6446,4
6447,2
6448,3
6449,2
6450,3
6451,2
6452,0
6453,0
6454,3
6455,5
6456,3
6457,4
6458,4
6459,0
6460,3
6461,0
6462,3
6463,3
6464,4
6465,5
6466,5
6467,6
6468,3
6469,4
6470,2
6471,4
6472,3
6473,3
6474,4
6475,2
6476,2
6477,2
6478,3
6479,5
6480,4
6481,0
6482,6
6483,4
6484,0
6485,5
6486,4
6487,3
6488,3
6489,2
6490,3
6491,3
6492,5
6493,2
6494,3
6495,0
6496,6
6497,4
6498,2
6499,6
6500,3
6501,1
6502,5
6503,5
6504,3
6505,2
6506,3
6507,6
6508,6
6509,2
6510,5
6511,6
6512,5
6513,3
6514,0
6515,6
6516,3
6517,6
6518,2
6519,0
6520,6
6521,2
6522,6
6523,6
6524,6
6525,0
6526,6
6527,0
6528,5
6529,2
6530,3
6531,6
6532,6
6533,3
6534,0
6535,2
6536,4
6537,5
6538,3
6539,0
6540,5
6541,3
6542,2
6543,3
6544,3
6545,6
6546,6
6547,3
6548,4
6549,3
6550,4
6551,6
6552,2
6553,6
6554,5
6555,5
6556,3
6557,4
6558,6
6559,0
6560,2
6561,0
6562,4
6563,0
6564,6
6565,5
6566,3
6567,5
6568,3
6569,2
6570,6
6571,2
6572,5
6573,4
6574,3
6575,6
6576,5
6577,6
6578,3
6579,5
6580,2
6581,6
6582,3
6583,6
6584,3
6585,0
6586,3
6587,2
6588,6
6589,0
6590,3
6591,3
6592,3
6593,4
6594,2
6595,3
6596,5
6597,6
6598,0
6599,3
6600,3
6601,3
6602,0
6603,3
6604,0
6605,6
6606,6
6607,5
6608,6
6609,4
6610,4
6611,3
6612,3
6613,6
6614,2
6615,3
6616,4
6617,0
6618,6
6619,3
6620,2
6621,2
6622,4
6623,6
6624,5
6625,4
6626,4
6627,6
6628,4
6629,4
6630,3
6631,3
6632,6
6633,3
6634,3
6635,0
6636,0
6637,3
6638,2
6639,4
6640,5
6641,0
6642,5
6643,6
6644,0
6645,2
6646,2
6647,6
6648,6
6649,3
6650,4
6651,5
6652,3
6653,0
6654,2
6655,3
6656,6
6657,0
6658,3
6659,0
6660,3
6661,3
6662,3
6663,3
6664,6
6665,6
6666,4
6667,2
6668,3
6669,6
6670,4
6671,4
6672,3
6673,6
6674,6
6675,5
6676,2
6677,4
6678,2
6679,5
6680,3
6681,5
6682,2
6683,6
6684,4
6685,0
6686,6
6687,6
6688,4
6689,6
6690,3
6691,6
6692,2
6693,2
6694,2
6695,3
6696,6
6697,0
6698,0
6699,6
6700,0
6701,6
6702,6
6703,3
6704,2
6705,6
6706,4
6707,6
6708,6
6709,6
6710,5
6711,3
6712,0
6713,3
6714,2
6715,3
6716,0
6717,3
6718,0
6719,3
6720,6
6721,6
6722,6
6723,6
6724,5
6725,2
6726,3
6727,6
6728,4
6729,2
6730,0
6731,3
6732,4
6733,6
6734,3
6735,6
6736,5
6737,6
6738,4
6739,2
6740,3
6741,6
6742,6
6743,3
6744,2
6745,6
6746,4
6747,6
6748,4
6749,2
6750,3
6751,6
6752,5
6753,4
6754,4
6755,2
6756,5
6757,4
6758,3
6759,5
6760,6
6761,4
6762,2
6763,4
6764,3
6765,3
6766,2
6767,6
6768,5
6769,6
6770,6
6771,4
6772,3
6773,4
6774,4
6775,5
6776,4
6777,3
6778,6
6779,4
6780,0
6781,4
6782,4
6783,6
6784,4
6785,3
6786,2
6787,4
6788,3
6789,5
6790,3
6791,0
6792,3
6793,0
6794,6
6795,2
6796,5
6797,0
6798,6
6799,3
6800,2
6801,2
6802,5
6803,4
6804,2
6805,0
6806,6
6807,2
6808,3
6809,6
6810,3
6811,6
6812,3
6813,0
6814,4
6815,5
6816,6
6817,0
6818,0
6819,4
6820,3
6821,5
6822,5
6823,6
6824,4
6825,4
6826,6
6827,3
6828,3
6829,2
6830,6
6831,5
6832,3
6833,4
6834,6
6835,2
6836,3
6837,6
6838,3
6839,3
6840,4
6841,4
6842,4
6843,3
6844,6
6845,0
6846,3
6847,6
6848,6
6849,3
6850,5
6851,4
6852,4
6853,2
6854,0
6855,3
6856,4
6857,3
6858,2
6859,5
6860,0
6861,5
6862,6
6863,3
6864,4
6865,2
6866,3
6867,6
6868,2
6869,3
6870,3
6871,1
6872,6
6873,3
6874,0
6875,6
6876,3
6877,5
6878,3
6879,6
6880,3
6881,3
6882,4
6883,2
6884,6
6885,4
6886,6
6887,3
6888,0
6889,3
6890,2
6891,6
6892,5
6893,4
6894,3
6895,6
6896,6
6897,2
6898,0
6899,6
6900,2
6901,6
6902,0
6903,3
6904,3
6905,6
6906,4
6907,5
6908,2
6909,0
6910,0
6911,6
6912,2
6913,5
6914,6
6915,0
6916,3
6917,5
6918,3
6919,6
6920,2
6921,4
6922,6
6923,4
6924,2
6925,6
6926,3
6927,5
6928,3
6929,3
6930,6
6931,6
6932,0
6933,6
6934,2
6935,3
6936,1
6937,3
6938,3
6939,0
6940,6
6941,6
6942,0
6943,6
6944,3
6945,0
6946,2
6947,4
6948,4
6949,2
6950,0
6951,2
6952,6
6953,5
6954,6
6955,3
6956,0
6957,5
6958,2
6959,4
6960,6
6961,6
6962,3
6963,2
6964,6
6965,4
6966,3
6967,3
6968,3
6969,2
6970,6
6971,3
6972,0
6973,0
6974,2
6975,5
6976,3
6977,2
6978,5
6979,2
6980,6
6981,2
6982,4
6983,6
6984,1
6985,5
6986,5
6987,4
6988,2
6989,3
6990,2
6991,0
6992,3
6993,3
6994,6
6995,6
6996,6
6997,3
6998,3
6999,6
7000,0
7001,4
7002,6
7003,4
7004,3
7005,0
7006,3
7007,6
7008,6
7009,2
7010,3
7011,4
7012,0
7013,4
7014,0
7015,3
7016,6
7017,2
7018,4
7019,3
7020,4
7021,3
7022,4
7023,0
7024,3
7025,3
7026,0
7027,6
7028,3
7029,2
7030,3
7031,6
7032,6
7033,0
7034,0
7035,2
7036,6
7037,6
7038,0
7039,6
7040,3
7041,5
7042,2
7043,2
7044,6
7045,3
7046,6
7047,4
7048,2
7049,3
7050,3
7051,4
7052,4
7053,3
7054,0
7055,6
7056,6
7057,2
7058,3
7059,4
7060,3
7061,3
7062,3
7063,5
7064,0
7065,2
7066,2
7067,2
7068,6
7069,0
7070,4
7071,1
7072,6
7073,4
7074,2
7075,4
7076,5
7077,1
7078,6
7079,3
7080,2
7081,5
7082,2
7083,3
7084,2
7085,3
7086,0
7087,2
7088,6
7089,2
7090,0
7091,2
7092,3
7093,6
7094,3
7095,3
7096,0
7097,6
7098,6
7099,2
7100,0
7101,6
7102,6
7103,4
7104,4
7105,3
7106,0
7107,3
7108,0
7109,2
7110,6
7111,0
7112,6
7113,4
7114,5
7115,4
7116,4
7117,2
7118,6
7119,0
7120,5
7121,4
7122,6
7123,4
7124,5
7125,4
7126,0
7127,3
7128,3
7129,3
7130,3
7131,3
7132,2
7133,6
7134,3
7135,2
7136,0
7137,3
7138,2
7139,2
7140,0
7141,3
7142,6
7143,6
7144,6
7145,0
7146,4
7147,3
7148,5
7149,2
7150,2
7151,3
7152,3
7153,6
7154,5
7155,4
7156,3
7157,3
7158,3
7159,4
7160,3
7161,0
7162,6
7163,6
7164,2
7165,2
7166,5
7167,3
7168,2
7169,3
7170,4
7171,2
7172,0
7173,6
7174,5
7175,4
7176,3
7177,2
