id,label
0,6
1,6
2,0
3,6
4,3
5,3
6,2
7,4
8,6
9,2
10,3
11,0
12,0
13,2
14,6
15,5
16,5
17,5
18,5
19,3
20,5
21,5
22,6
23,4
24,0
25,6
26,4
27,0
28,0
29,5
30,3
31,6
32,3
33,6
34,0
35,0
36,0
37,2
38,4
39,3
40,0
41,4
42,0
43,6
44,4
45,3
46,5
47,3
48,5
49,4
50,6
51,3
52,5
53,6
54,4
55,3
56,2
57,4
58,5
59,3
60,6
61,3
62,4
63,5
64,5
65,3
66,5
67,6
68,2
69,3
70,4
71,5
72,6
73,3
74,2
75,6
76,5
77,6
78,4
79,4
80,0
81,0
82,0
83,4
84,5
85,4
86,3
87,3
88,3
89,3
90,4
91,0
92,3
93,4
94,0
95,0
96,3
97,3
98,3
99,0
100,3
101,6
102,0
103,3
104,2
105,0
106,6
107,6
108,5
109,3
110,3
111,0
112,6
113,4
114,3
115,1
116,3
117,6
118,2
119,6
120,5
121,4
122,0
123,2
124,4
125,6
126,3
127,0
128,5
129,5
130,6
131,6
132,2
133,6
134,0
135,5
136,5
137,3
138,6
139,6
140,0
141,3
142,0
143,4
144,4
145,6
146,3
147,3
148,3
149,2
150,4
151,0
152,5
153,3
154,5
155,5
156,4
157,5
158,0
159,3
160,0
161,3
162,3
163,3
164,2
165,6
166,6
167,0
168,5
169,6
170,6
171,4
172,5
173,6
174,0
175,6
176,0
177,4
178,4
179,5
180,6
181,3
182,5
183,3
184,3
185,4
186,4
187,3
188,3
189,3
190,4
191,6
192,5
193,5
194,3
195,4
196,5
197,6
198,0
199,4
200,3
201,3
202,0
203,3
204,3
205,5
206,4
207,4
208,4
209,5
210,6
211,4
212,0
213,4
214,6
215,5
216,5
217,4
218,4
219,3
220,3
221,4
222,5
223,0
224,0
225,3
226,5
227,4
228,0
229,3
230,4
231,6
232,5
233,0
234,3
235,4
236,3
237,4
238,0
239,6
240,3
241,6
242,6
243,0
244,1
245,3
246,3
247,3
248,0
249,0
250,4
251,4
252,4
253,2
254,2
255,6
256,6
257,4
258,4
259,6
260,4
261,4
262,0
263,6
264,2
265,0
266,0
267,3
268,3
269,4
270,0
271,4
272,5
273,3
274,5
275,3
276,0
277,5
278,0
279,6
280,3
281,5
282,6
283,2
284,0
285,6
286,0
287,4
288,4
289,6
290,5
291,3
292,6
293,4
294,3
295,6
296,4
297,6
298,4
299,3
300,0
301,4
302,3
303,3
304,0
305,3
306,5
307,3
308,3
309,3
310,3
311,6
312,4
313,3
314,4
315,0
316,4
317,2
318,2
319,3
320,0
321,4
322,3
323,6
324,4
325,4
326,4
327,3
328,3
329,6
330,3
331,6
332,0
333,3
334,0
335,3
336,0
337,6
338,0
339,3
340,6
341,5
342,6
343,0
344,0
345,4
346,3
347,3
348,2
349,0
350,4
351,0
352,6
353,3
354,6
355,4
356,3
357,4
358,3
359,2
360,4
361,5
362,3
363,4
364,5
365,3
366,3
367,3
368,2
369,4
370,4
371,6
372,4
373,4
374,4
375,4
376,0
377,5
378,4
379,4
380,6
381,5
382,3
383,4
384,3
385,6
386,3
387,5
388,6
389,0
390,4
391,6
392,3
393,5
394,0
395,5
396,4
397,5
398,4
399,0
400,0
401,5
402,3
403,3
404,1
405,6
406,2
407,5
408,5
409,5
410,0
411,5
412,4
413,3
414,3
415,6
416,4
417,6
418,5
419,4
420,6
421,3
422,4
423,4
424,6
425,0
426,0
427,3
428,3
429,4
430,4
431,4
432,4
433,6
434,6
435,0
436,6
437,2
438,3
439,0
440,4
441,0
442,6
443,4
444,6
445,4
446,0
447,3
448,0
449,0
450,0
451,3
452,6
453,4
454,4
455,5
456,4
457,4
458,0
459,6
460,5
461,5
462,0
463,3
464,6
465,4
466,4
467,3
468,3
469,4
470,3
471,5
472,4
473,4
474,6
475,2
476,3
477,6
478,4
479,4
480,6
481,6
482,6
483,4
484,4
485,2
486,6
487,0
488,3
489,3
490,2
491,4
492,3
493,0
494,4
495,4
496,5
497,2
498,0
499,5
500,6
501,2
502,3
503,5
504,0
505,3
506,2
507,6
508,5
509,4
510,1
511,3
512,0
513,3
514,2
515,3
516,5
517,3
518,0
519,4
520,3
521,6
522,4
523,6
524,3
525,3
526,3
527,3
528,6
529,0
530,0
531,3
532,5
533,5
534,0
535,6
536,4
537,3
538,5
539,6
540,4
541,6
542,6
543,6
544,5
545,2
546,0
547,4
548,3
549,3
550,4
551,4
552,4
553,4
554,0
555,4
556,0
557,0
558,0
559,4
560,1
561,0
562,5
563,0
564,2
565,5
566,6
567,5
568,4
569,6
570,4
571,3
572,6
573,6
574,2
575,3
576,2
577,3
578,4
579,4
580,4
581,3
582,2
583,3
584,5
585,4
586,0
587,5
588,4
589,4
590,6
591,3
592,4
593,6
594,3
595,3
596,4
597,4
598,4
599,6
600,4
601,6
602,6
603,6
604,3
605,4
606,0
607,4
608,2
609,4
610,0
611,5
612,3
613,4
614,2
615,6
616,0
617,6
618,4
619,0
620,3
621,4
622,4
623,3
624,3
625,3
626,4
627,2
628,6
629,3
630,6
631,3
632,0
633,4
634,5
635,4
636,5
637,0
638,0
639,4
640,5
641,4
642,3
643,0
644,3
645,6
646,6
647,6
648,5
649,3
650,4
651,4
652,4
653,3
654,4
655,2
656,3
657,0
658,6
659,5
660,4
661,3
662,3
663,3
664,3
665,5
666,6
667,6
668,4
669,0
670,4
671,6
672,6
673,0
674,4
675,6
676,0
677,4
678,6
679,6
680,0
681,2
682,3
683,6
684,5
685,6
686,4
687,3
688,6
689,3
690,3
691,0
692,4
693,0
694,3
695,3
696,5
697,3
698,0
699,0
700,2
701,3
702,0
703,4
704,5
705,4
706,3
707,5
708,3
709,3
710,0
711,0
712,2
713,3
714,6
715,3
716,4
717,4
718,3
719,6
720,0
721,3
722,3
723,4
724,4
725,0
726,0
727,2
728,0
729,3
730,3
731,4
732,4
733,6
734,6
735,3
736,6
737,6
738,4
739,3
740,6
741,6
742,6
743,3
744,3
745,4
746,0
747,3
748,5
749,3
750,3
751,3
752,0
753,4
754,6
755,3
756,0
757,0
758,3
759,4
760,4
761,0
762,0
763,3
764,3
765,3
766,4
767,0
768,6
769,4
770,3
771,0
772,4
773,4
774,4
775,5
776,3
777,0
778,6
779,5
780,3
781,6
782,6
783,4
784,0
785,6
786,3
787,4
788,4
789,6
790,3
791,6
792,3
793,4
794,0
795,3
796,6
797,5
798,0
799,5
800,3
801,4
802,5
803,4
804,5
805,3
806,5
807,4
808,4
809,4
810,6
811,0
812,4
813,4
814,0
815,0
816,6
817,3
818,4
819,2
820,4
821,5
822,2
823,0
824,5
825,6
826,5
827,4
828,5
829,4
830,0
831,5
832,5
833,5
834,5
835,0
836,0
837,4
838,2
839,0
840,6
841,4
842,4
843,4
844,4
845,6
846,3
847,0
848,6
849,5
850,0
851,4
852,4
853,6
854,0
855,2
856,4
857,3
858,4
859,2
860,4
861,5
862,0
863,4
864,6
865,0
866,4
867,0
868,3
869,3
870,3
871,3
872,0
873,5
874,6
875,4
876,6
877,5
878,3
879,0
880,3
881,4
882,6
883,6
884,5
885,4
886,0
887,0
888,4
889,5
890,3
891,5
892,0
893,4
894,0
895,6
896,0
897,3
898,4
899,4
900,0
901,3
902,3
903,6
904,5
905,3
906,3
907,5
908,4
909,5
910,5
911,4
912,6
913,0
914,4
915,6
916,4
917,6
918,2
919,4
920,6
921,1
922,3
923,6
924,4
925,3
926,5
927,4
928,6
929,4
930,2
931,0
932,5
933,4
934,0
935,6
936,3
937,5
938,3
939,3
940,3
941,6
942,4
943,0
944,0
945,4
946,4
947,4
948,3
949,3
950,5
951,2
952,4
953,2
954,0
955,4
956,4
957,6
958,6
959,5
960,2
961,5
962,6
963,3
964,3
965,0
966,0
967,0
968,3
969,3
970,3
971,3
972,6
973,0
974,6
975,4
976,0
977,0
978,3
979,6
980,4
981,5
982,0
983,0
984,4
985,6
986,3
987,0
988,3
989,3
990,6
991,6
992,4
993,6
994,4
995,1
996,4
997,0
998,3
999,3
1000,2
1001,4
1002,0
1003,4
1004,4
1005,6
1006,4
1007,4
1008,5
1009,4
1010,6
1011,2
1012,6
1013,3
1014,4
1015,3
1016,6
1017,0
1018,3
1019,4
1020,6
1021,0
1022,0
1023,0
1024,4
1025,6
1026,4
1027,4
1028,4
1029,6
1030,6
1031,0
1032,3
1033,3
1034,0
1035,3
1036,3
1037,0
1038,5
1039,6
1040,6
1041,4
1042,3
1043,0
1044,0
1045,6
1046,0
1047,4
1048,4
1049,0
1050,3
1051,6
1052,4
1053,4
1054,5
1055,3
1056,4
1057,0
1058,3
1059,4
1060,3
1061,3
1062,3
1063,3
1064,3
1065,0
1066,3
1067,3
1068,4
1069,3
1070,4
1071,4
1072,0
1073,3
1074,0
1075,2
1076,2
1077,4
1078,6
1079,0
1080,3
1081,3
1082,5
1083,4
1084,0
1085,6
1086,3
1087,5
1088,5
1089,3
1090,0
1091,3
1092,3
1093,3
1094,6
1095,4
1096,4
1097,3
1098,0
1099,6
1100,6
1101,4
1102,3
1103,2
1104,2
1105,4
1106,0
1107,6
1108,0
1109,0
1110,0
1111,6
1112,3
1113,4
1114,5
1115,4
1116,4
1117,3
1118,4
1119,3
1120,5
1121,0
1122,3
1123,0
1124,5
1125,3
1126,4
1127,0
1128,3
1129,4
1130,6
1131,3
1132,3
1133,3
1134,6
1135,3
1136,0
1137,4
1138,3
1139,4
1140,5
1141,0
1142,0
1143,4
1144,6
1145,4
1146,0
1147,3
1148,3
1149,4
1150,6
1151,6
1152,4
1153,1
1154,5
1155,5
1156,3
1157,6
1158,3
1159,0
1160,4
1161,6
1162,4
1163,5
1164,0
1165,4
1166,0
1167,0
1168,6
1169,0
1170,2
1171,4
1172,3
1173,5
1174,4
1175,5
1176,4
1177,5
1178,0
1179,4
1180,3
1181,6
1182,4
1183,0
1184,6
1185,5
1186,3
1187,2
1188,4
1189,3
1190,4
1191,3
1192,0
1193,6
1194,3
1195,5
1196,2
1197,4
1198,3
1199,4
1200,5
1201,3
1202,4
1203,4
1204,6
1205,4
1206,3
1207,6
1208,3
1209,4
1210,3
1211,5
1212,6
1213,4
1214,0
1215,4
1216,4
1217,3
1218,5
1219,6
1220,4
1221,3
1222,5
1223,3
1224,0
1225,6
1226,4
1227,4
1228,4
1229,6
1230,6
1231,3
1232,0
1233,4
1234,6
1235,6
1236,2
1237,3
1238,0
1239,0
1240,3
1241,0
1242,0
1243,5
1244,4
1245,5
1246,5
1247,4
1248,5
1249,3
1250,3
1251,6
1252,3
1253,0
1254,0
1255,6
1256,3
1257,2
1258,3
1259,6
1260,6
1261,6
1262,0
1263,6
1264,4
1265,3
1266,3
1267,0
1268,0
1269,6
1270,3
1271,0
1272,3
1273,0
1274,4
1275,5
1276,6
1277,4
1278,3
1279,6
1280,0
1281,6
1282,3
1283,3
1284,3
1285,4
1286,3
1287,6
1288,5
1289,4
1290,4
1291,4
1292,0
1293,4
1294,3
1295,0
1296,5
1297,3
1298,6
1299,5
1300,0
1301,0
1302,3
1303,4
1304,2
1305,2
1306,3
1307,3
1308,6
1309,4
1310,6
1311,4
1312,3
1313,4
1314,4
1315,0
1316,0
1317,6
1318,4
1319,1
1320,2
1321,6
1322,4
1323,4
1324,4
1325,3
1326,4
1327,6
1328,5
1329,6
1330,2
1331,4
1332,4
1333,4
1334,0
1335,6
1336,4
1337,0
1338,0
1339,5
1340,3
1341,4
1342,6
1343,6
1344,6
1345,6
1346,6
1347,4
1348,3
1349,0
1350,0
1351,4
1352,3
1353,4
1354,6
1355,3
1356,6
1357,0
1358,5
1359,6
1360,4
1361,2
1362,5
1363,6
1364,5
1365,0
1366,4
1367,2
1368,0
1369,0
1370,0
1371,4
1372,5
1373,0
1374,3
1375,2
1376,0
1377,6
1378,5
1379,4
1380,3
1381,4
1382,3
1383,0
1384,6
1385,4
1386,3
1387,3
1388,3
1389,3
1390,3
1391,5
1392,3
1393,3
1394,6
1395,4
1396,4
1397,3
1398,3
1399,5
1400,3
1401,6
1402,3
1403,5
1404,4
1405,3
1406,4
1407,3
1408,6
1409,4
1410,3
1411,0
1412,4
1413,6
1414,6
1415,4
1416,6
1417,0
1418,3
1419,6
1420,2
1421,4
1422,3
1423,0
1424,5
1425,4
1426,3
1427,4
1428,4
1429,3
1430,2
1431,4
1432,6
1433,5
1434,4
1435,6
1436,2
1437,6
1438,3
1439,6
1440,0
1441,4
1442,2
1443,5
1444,0
1445,6
1446,3
1447,2
1448,6
1449,3
1450,6
1451,6
1452,6
1453,6
1454,3
1455,3
1456,6
1457,3
1458,0
1459,4
1460,4
1461,6
1462,0
1463,3
1464,5
1465,3
1466,3
1467,3
1468,6
1469,3
1470,4
1471,6
1472,4
1473,3
1474,4
1475,5
1476,3
1477,3
1478,3
1479,3
1480,6
1481,5
1482,2
1483,5
1484,3
1485,0
1486,6
1487,2
1488,0
1489,4
1490,3
1491,4
1492,3
1493,3
1494,6
1495,5
1496,0
1497,6
1498,4
1499,6
1500,5
1501,6
1502,6
1503,4
1504,2
1505,6
1506,0
1507,3
1508,3
1509,6
1510,4
1511,4
1512,6
1513,2
1514,6
1515,4
1516,5
1517,4
1518,0
1519,3
1520,0
1521,0
1522,4
1523,5
1524,6
1525,6
1526,0
1527,2
1528,2
1529,6
1530,5
1531,0
1532,3
1533,2
1534,5
1535,2
1536,3
1537,4
1538,4
1539,3
1540,3
1541,4
1542,4
1543,0
1544,4
1545,4
1546,4
1547,3
1548,4
1549,6
1550,0
1551,4
1552,3
1553,0
1554,3
1555,3
1556,3
1557,6
1558,3
1559,0
1560,4
1561,4
1562,6
1563,4
1564,4
1565,4
1566,6
1567,6
1568,4
1569,4
1570,4
1571,3
1572,6
1573,5
1574,6
1575,3
1576,0
1577,3
1578,6
1579,3
1580,4
1581,6
1582,6
1583,4
1584,2
1585,6
1586,4
1587,0
1588,6
1589,4
1590,3
1591,5
1592,6
1593,0
1594,5
1595,3
1596,0
1597,4
1598,3
1599,4
1600,2
1601,4
1602,6
1603,5
1604,6
1605,4
1606,6
1607,6
1608,0
1609,2
1610,6
1611,0
1612,2
1613,3
1614,0
1615,3
1616,2
1617,4
1618,0
1619,3
1620,3
1621,3
1622,6
1623,3
1624,6
1625,3
1626,4
1627,2
1628,3
1629,3
1630,6
1631,2
1632,4
1633,3
1634,3
1635,2
1636,6
1637,4
1638,4
1639,4
1640,6
1641,0
1642,3
1643,2
1644,6
1645,6
1646,5
1647,4
1648,2
1649,4
1650,3
1651,3
1652,3
1653,6
1654,3
1655,4
1656,0
1657,4
1658,6
1659,5
1660,0
1661,3
1662,4
1663,3
1664,4
1665,6
1666,0
1667,6
1668,0
1669,4
1670,6
1671,4
1672,6
1673,3
1674,4
1675,0
1676,6
1677,6
1678,5
1679,5
1680,4
1681,5
1682,0
1683,3
1684,5
1685,0
1686,6
1687,6
1688,0
1689,4
1690,0
1691,3
1692,3
1693,4
1694,3
1695,4
1696,0
1697,3
1698,3
1699,0
1700,4
1701,0
1702,4
1703,5
1704,2
1705,3
1706,6
1707,3
1708,3
1709,4
1710,4
1711,0
1712,6
1713,6
1714,5
1715,3
1716,3
1717,6
1718,5
1719,1
1720,6
1721,0
1722,3
1723,4
1724,6
1725,4
1726,4
1727,3
1728,3
1729,4
1730,4
1731,6
1732,6
1733,4
1734,3
1735,6
1736,0
1737,0
1738,0
1739,5
1740,3
1741,6
1742,5
1743,3
1744,5
1745,6
1746,0
1747,4
1748,6
1749,0
1750,0
1751,0
1752,5
1753,0
1754,3
1755,4
1756,2
1757,3
1758,0
1759,4
1760,4
1761,6
1762,4
1763,6
1764,4
1765,6
1766,4
1767,5
1768,3
1769,3
1770,0
1771,2
1772,3
1773,4
1774,3
1775,0
1776,6
1777,0
1778,0
1779,4
1780,5
1781,6
1782,4
1783,2
1784,5
1785,3
1786,5
1787,3
1788,0
1789,3
1790,0
1791,3
1792,4
1793,3
1794,4
1795,4
1796,6
1797,0
1798,5
1799,0
1800,3
1801,6
1802,4
1803,3
1804,2
1805,6
1806,6
1807,6
1808,3
1809,5
1810,4
1811,5
1812,3
1813,6
1814,4
1815,4
1816,0
1817,0
1818,6
1819,2
1820,4
1821,4
1822,3
1823,6
1824,0
1825,6
1826,0
1827,6
1828,5
1829,0
1830,6
1831,4
1832,6
1833,0
1834,4
1835,4
1836,0
1837,0
1838,6
1839,0
1840,4
1841,1
1842,6
1843,4
1844,4
1845,6
1846,0
1847,4
1848,6
1849,0
1850,6
1851,3
1852,6
1853,4
1854,0
1855,2
1856,4
1857,3
1858,6
1859,5
1860,3
1861,4
1862,3
1863,6
1864,5
1865,5
1866,4
1867,6
1868,3
1869,4
1870,2
1871,5
1872,6
1873,3
1874,4
1875,5
1876,3
1877,5
1878,3
1879,6
1880,0
1881,5
1882,5
1883,0
1884,6
1885,5
1886,4
1887,5
1888,5
1889,5
1890,2
1891,6
1892,0
1893,4
1894,6
1895,0
1896,0
1897,2
1898,3
1899,3
1900,6
1901,3
1902,4
1903,5
1904,4
1905,6
1906,6
1907,6
1908,4
1909,6
1910,0
1911,5
1912,4
1913,6
1914,5
1915,6
1916,5
1917,6
1918,0
1919,5
1920,4
1921,5
1922,4
1923,0
1924,4
1925,2
1926,3
1927,3
1928,3
1929,6
1930,0
1931,5
1932,2
1933,4
1934,6
1935,5
1936,6
1937,3
1938,4
1939,5
1940,0
1941,4
1942,3
1943,3
1944,4
1945,0
1946,4
1947,3
1948,6
1949,5
1950,4
1951,6
1952,6
1953,6
1954,3
1955,3
1956,4
1957,6
1958,3
1959,3
1960,5
1961,6
1962,4
1963,3
1964,4
1965,4
1966,3
1967,6
1968,6
1969,0
1970,3
1971,4
1972,2
1973,3
1974,3
1975,6
1976,4
1977,6
1978,4
1979,3
1980,3
1981,0
1982,4
1983,6
1984,3
1985,0
1986,4
1987,0
1988,3
1989,4
1990,6
1991,5
1992,6
1993,6
1994,6
1995,3
1996,4
1997,2
1998,6
1999,6
2000,0
2001,3
2002,6
2003,4
2004,6
2005,5
2006,4
2007,5
2008,4
2009,4
2010,0
2011,3
2012,0
2013,6
2014,2
2015,3
2016,5
2017,5
2018,0
2019,6
2020,2
2021,3
2022,4
2023,6
2024,4
2025,3
2026,0
2027,6
2028,3
2029,3
2030,0
2031,5
2032,3
2033,0
2034,4
2035,4
2036,3
2037,0
2038,2
2039,2
2040,3
2041,4
2042,5
2043,4
2044,0
2045,0
2046,3
2047,4
2048,3
2049,2
2050,0
2051,3
2052,0
2053,4
2054,6
2055,0
2056,6
2057,6
2058,6
2059,3
2060,5
2061,2
2062,3
2063,0
2064,0
2065,0
2066,6
2067,0
2068,3
2069,5
2070,3
2071,3
2072,1
2073,6
2074,0
2075,6
2076,4
2077,0
2078,5
2079,0
2080,0
2081,2
2082,4
2083,5
2084,6
2085,4
2086,3
2087,3
2088,0
2089,4
2090,6
2091,4
2092,3
2093,3
2094,6
2095,3
2096,3
2097,4
2098,3
2099,3
2100,6
2101,6
2102,5
2103,3
2104,5
2105,3
2106,0
2107,4
2108,4
2109,4
2110,2
2111,3
2112,5
2113,3
2114,3
2115,3
2116,3
2117,3
2118,3
2119,1
2120,2
2121,3
2122,0
2123,3
2124,6
2125,0
2126,3
2127,3
2128,3
2129,6
2130,4
2131,4
2132,4
2133,3
2134,4
2135,6
2136,0
2137,6
2138,4
2139,3
2140,3
2141,4
2142,3
2143,0
2144,0
2145,3
2146,3
2147,6
2148,2
2149,0
2150,3
2151,6
2152,3
2153,6
2154,4
2155,3
2156,3
2157,5
2158,4
2159,0
2160,6
2161,3
2162,3
2163,0
2164,5
2165,3
2166,3
2167,5
2168,0
2169,0
2170,2
2171,4
2172,3
2173,0
2174,6
2175,6
2176,3
2177,5
2178,0
2179,6
2180,6
2181,2
2182,3
2183,6
2184,0
2185,3
2186,0
2187,0
2188,3
2189,4
2190,5
2191,0
2192,0
2193,3
2194,3
2195,3
2196,6
2197,3
2198,0
2199,3
2200,6
2201,6
2202,4
2203,3
2204,4
2205,6
2206,3
2207,6
2208,3
2209,6
2210,2
2211,3
2212,3
2213,4
2214,0
2215,2
2216,2
2217,4
2218,0
2219,3
2220,5
2221,2
2222,0
2223,6
2224,4
2225,6
2226,5
2227,0
2228,0
2229,3
2230,0
2231,2
2232,4
2233,6
2234,5
2235,3
2236,6
2237,0
2238,5
2239,3
2240,5
2241,4
2242,3
2243,0
2244,6
2245,6
2246,3
2247,2
2248,6
2249,4
2250,6
2251,3
2252,3
2253,3
2254,0
2255,0
2256,3
2257,4
2258,6
2259,0
2260,2
2261,3
2262,5
2263,0
2264,6
2265,3
2266,0
2267,4
2268,4
2269,5
2270,3
2271,0
2272,4
2273,4
2274,6
2275,3
2276,6
2277,3
2278,3
2279,0
2280,5
2281,3
2282,4
2283,3
2284,5
2285,4
2286,3
2287,6
2288,6
2289,6
2290,3
2291,3
2292,3
2293,2
2294,3
2295,0
2296,5
2297,3
2298,4
2299,5
2300,4
2301,6
2302,4
2303,3
2304,0
2305,4
2306,0
2307,3
2308,3
2309,3
2310,0
2311,3
2312,6
2313,3
2314,6
2315,3
2316,2
2317,0
2318,3
2319,0
2320,3
2321,5
2322,0
2323,4
2324,0
2325,3
2326,3
2327,4
2328,5
2329,6
2330,3
2331,4
2332,6
2333,0
2334,3
2335,0
2336,0
2337,4
2338,5
2339,4
2340,4
2341,6
2342,3
2343,3
2344,3
2345,5
2346,4
2347,3
2348,0
2349,2
2350,6
2351,6
2352,3
2353,3
2354,3
2355,4
2356,4
2357,3
2358,4
2359,0
2360,6
2361,6
2362,5
2363,0
2364,6
2365,0
2366,6
2367,3
2368,0
2369,4
2370,0
2371,3
2372,6
2373,2
2374,4
2375,3
2376,3
2377,3
2378,3
2379,4
2380,3
2381,5
2382,6
2383,6
2384,2
2385,4
2386,5
2387,4
2388,0
2389,6
2390,0
2391,0
2392,3
2393,5
2394,0
2395,6
2396,0
2397,3
2398,4
2399,0
2400,6
2401,6
2402,0
2403,3
2404,4
2405,4
2406,2
2407,2
2408,3
2409,3
2410,3
2411,4
2412,3
2413,6
2414,6
2415,3
2416,0
2417,5
2418,4
2419,3
2420,0
2421,4
2422,3
2423,3
2424,5
2425,5
2426,4
2427,3
2428,3
2429,3
2430,6
2431,3
2432,3
2433,2
2434,3
2435,6
2436,3
2437,3
2438,5
2439,3
2440,6
2441,3
2442,0
2443,0
2444,0
2445,6
2446,2
2447,0
2448,2
2449,4
2450,5
2451,3
2452,6
2453,4
2454,5
2455,6
2456,3
2457,0
2458,3
2459,0
2460,4
2461,3
2462,3
2463,6
2464,2
2465,4
2466,4
2467,3
2468,0
2469,3
2470,3
2471,0
2472,6
2473,0
2474,4
2475,2
2476,5
2477,3
2478,5
2479,2
2480,6
2481,4
2482,4
2483,5
2484,4
2485,5
2486,0
2487,1
2488,6
2489,5
2490,0
2491,5
2492,2
2493,3
2494,0
2495,2
2496,0
2497,5
2498,0
2499,3
2500,3
2501,0
2502,0
2503,6
2504,0
2505,3
2506,4
2507,0
2508,4
2509,4
2510,6
2511,4
2512,0
2513,0
2514,5
2515,0
2516,4
2517,2
2518,6
2519,2
2520,0
2521,3
2522,0
2523,0
2524,0
2525,0
2526,0
2527,3
2528,4
2529,4
2530,3
2531,6
2532,3
2533,3
2534,3
2535,3
2536,3
2537,4
2538,0
2539,4
2540,4
2541,3
2542,3
2543,0
2544,0
2545,0
2546,3
2547,3
2548,6
2549,3
2550,4
2551,6
2552,0
2553,6
2554,6
2555,6
2556,4
2557,0
2558,4
2559,6
2560,4
2561,2
2562,0
2563,4
2564,5
2565,3
2566,6
2567,3
2568,4
2569,6
2570,4
2571,0
2572,6
2573,3
2574,0
2575,4
2576,3
2577,0
2578,3
2579,3
2580,6
2581,4
2582,3
2583,3
2584,0
2585,5
2586,3
2587,0
2588,3
2589,3
2590,2
2591,4
2592,3
2593,4
2594,3
2595,5
2596,3
2597,4
2598,0
2599,4
2600,3
2601,4
2602,4
2603,4
2604,0
2605,0
2606,6
2607,3
2608,4
2609,4
2610,0
2611,3
2612,4
2613,0
2614,6
2615,5
2616,4
2617,6
2618,4
2619,4
2620,3
2621,4
2622,2
2623,6
2624,4
2625,3
2626,6
2627,3
2628,6
2629,4
2630,3
2631,5
2632,0
2633,4
2634,0
2635,2
2636,5
2637,3
2638,4
2639,5
2640,3
2641,3
2642,3
2643,0
2644,5
2645,5
2646,4
2647,4
2648,5
2649,3
2650,2
2651,4
2652,3
2653,4
2654,3
2655,5
2656,6
2657,3
2658,4
2659,1
2660,6
2661,3
2662,6
2663,6
2664,6
2665,3
2666,6
2667,3
2668,3
2669,6
2670,4
2671,6
2672,4
2673,6
2674,4
2675,3
2676,6
2677,4
2678,4
2679,3
2680,3
2681,6
2682,5
2683,5
2684,4
2685,4
2686,4
2687,6
2688,4
2689,0
2690,3
2691,0
2692,4
2693,3
2694,6
2695,4
2696,5
2697,4
2698,4
2699,0
2700,4
2701,3
2702,4
2703,6
2704,3
2705,4
2706,6
2707,6
2708,3
2709,2
2710,3
2711,3
2712,4
2713,3
2714,5
2715,6
2716,6
2717,6
2718,0
2719,4
2720,0
2721,0
2722,0
2723,6
2724,2
2725,3
2726,6
2727,6
2728,6
2729,3
2730,3
2731,3
2732,4
2733,0
2734,6
2735,6
2736,6
2737,4
2738,1
2739,5
2740,4
2741,6
2742,5
2743,3
2744,3
2745,4
2746,3
2747,3
2748,3
2749,3
2750,6
2751,4
2752,4
2753,3
2754,5
2755,5
2756,4
2757,6
2758,4
2759,0
2760,6
2761,4
2762,4
2763,3
2764,5
2765,3
2766,2
2767,4
2768,0
2769,4
2770,5
2771,4
2772,4
2773,3
2774,0
2775,4
2776,0
2777,0
2778,6
2779,2
2780,0
2781,4
2782,0
2783,2
2784,5
2785,4
2786,6
2787,5
2788,0
2789,0
2790,4
2791,0
2792,6
2793,6
2794,0
2795,5
2796,4
2797,6
2798,4
2799,4
2800,2
2801,2
2802,6
2803,5
2804,5
2805,3
2806,3
2807,6
2808,2
2809,2
2810,0
2811,5
2812,4
2813,6
2814,2
2815,3
2816,3
2817,4
2818,4
2819,2
2820,0
2821,0
2822,6
2823,3
2824,5
2825,6
2826,0
2827,2
2828,4
2829,0
2830,2
2831,0
2832,6
2833,3
2834,0
2835,4
2836,5
2837,0
2838,4
2839,4
2840,3
2841,5
2842,3
2843,6
2844,4
2845,3
2846,4
2847,5
2848,3
2849,3
2850,5
2851,4
2852,6
2853,2
2854,5
2855,0
2856,4
2857,2
2858,2
2859,4
2860,2
2861,5
2862,3
2863,3
2864,3
2865,0
2866,6
2867,6
2868,3
2869,4
2870,0
2871,4
2872,0
2873,4
2874,4
2875,5
2876,6
2877,0
2878,5
2879,5
2880,0
2881,5
2882,6
2883,0
2884,0
2885,5
2886,0
2887,6
2888,3
2889,3
2890,4
2891,4
2892,4
2893,3
2894,0
2895,1
2896,3
2897,3
2898,5
2899,4
2900,0
2901,4
2902,0
2903,5
2904,0
2905,4
2906,4
2907,0
2908,3
2909,2
2910,6
2911,3
2912,6
2913,3
2914,6
2915,4
2916,2
2917,4
2918,3
2919,3
2920,3
2921,4
2922,3
2923,5
2924,5
2925,4
2926,2
2927,3
2928,3
2929,4
2930,5
2931,5
2932,3
2933,4
2934,4
2935,3
2936,3
2937,4
2938,6
2939,0
2940,6
2941,6
2942,0
2943,4
2944,4
2945,4
2946,4
2947,4
2948,0
2949,0
2950,0
2951,4
2952,5
2953,5
2954,4
2955,5
2956,3
2957,0
2958,5
2959,3
2960,0
2961,3
2962,5
2963,2
2964,0
2965,3
2966,4
2967,4
2968,0
2969,5
2970,3
2971,6
2972,6
2973,3
2974,3
2975,0
2976,6
2977,5
2978,3
2979,4
2980,3
2981,4
2982,3
2983,0
2984,4
2985,0
2986,6
2987,4
2988,3
2989,5
2990,0
2991,4
2992,4
2993,4
2994,0
2995,6
2996,4
2997,4
2998,3
2999,6
3000,4
3001,4
3002,0
3003,5
3004,6
3005,4
3006,2
3007,0
3008,2
3009,3
3010,5
3011,4
3012,4
3013,0
3014,3
3015,3
3016,3
3017,0
3018,3
3019,0
3020,0
3021,3
3022,5
3023,4
3024,0
3025,3
3026,3
3027,2
3028,3
3029,4
3030,3
3031,6
3032,5
3033,3
3034,6
3035,5
3036,3
3037,3
3038,5
3039,6
3040,4
3041,6
3042,6
3043,3
3044,6
3045,3
3046,3
3047,3
3048,3
3049,5
3050,4
3051,3
3052,3
3053,6
3054,5
3055,4
3056,3
3057,4
3058,4
3059,3
3060,4
3061,3
3062,6
3063,3
3064,4
3065,6
3066,5
3067,2
3068,2
3069,3
3070,0
3071,4
3072,5
3073,5
3074,4
3075,5
3076,3
3077,2
3078,5
3079,4
3080,6
3081,5
3082,4
3083,3
3084,5
3085,0
3086,5
3087,0
3088,0
3089,0
3090,5
3091,4
3092,3
3093,3
3094,0
3095,0
3096,0
3097,3
3098,6
3099,6
3100,4
3101,3
3102,3
3103,3
3104,3
3105,5
3106,4
3107,4
3108,3
3109,0
3110,0
3111,3
3112,2
3113,3
3114,6
3115,4
3116,6
3117,5
3118,6
3119,1
3120,4
3121,6
3122,0
3123,6
3124,3
3125,4
3126,4
3127,4
3128,4
3129,4
3130,0
3131,0
3132,4
3133,2
3134,4
3135,5
3136,4
3137,3
3138,4
3139,5
3140,0
3141,3
3142,6
3143,4
3144,3
3145,6
3146,2
3147,3
3148,3
3149,3
3150,4
3151,2
3152,3
3153,6
3154,3
3155,4
3156,3
3157,4
3158,0
3159,4
3160,4
3161,3
3162,4
3163,6
3164,0
3165,4
3166,3
3167,6
3168,5
3169,6
3170,0
3171,6
3172,6
3173,3
3174,3
3175,4
3176,5
3177,4
3178,4
3179,0
3180,6
3181,3
3182,6
3183,5
3184,4
3185,4
3186,5
3187,3
3188,3
3189,6
3190,5
3191,4
3192,6
3193,5
3194,2
3195,4
3196,5
3197,0
3198,4
3199,3
3200,4
3201,3
3202,6
3203,4
3204,3
3205,4
3206,4
3207,4
3208,4
3209,6
3210,6
3211,2
3212,0
3213,3
3214,4
3215,0
3216,4
3217,0
3218,6
3219,0
3220,5
3221,6
3222,0
3223,4
3224,3
3225,3
3226,5
3227,6
3228,0
3229,6
3230,0
3231,4
3232,4
3233,4
3234,6
3235,6
3236,3
3237,0
3238,0
3239,0
3240,4
3241,3
3242,3
3243,3
3244,2
3245,5
3246,4
3247,3
3248,4
3249,3
3250,2
3251,3
3252,5
3253,3
3254,6
3255,0
3256,2
3257,3
3258,4
3259,5
3260,5
3261,6
3262,6
3263,3
3264,4
3265,3
3266,4
3267,0
3268,3
3269,0
3270,6
3271,4
3272,6
3273,0
3274,5
3275,4
3276,3
3277,6
3278,3
3279,2
3280,0
3281,3
3282,4
3283,4
3284,3
3285,4
3286,4
3287,6
3288,4
3289,5
3290,6
3291,6
3292,0
3293,4
3294,0
3295,5
3296,4
3297,6
3298,4
3299,6
3300,6
3301,4
3302,3
3303,3
3304,3
3305,4
3306,4
3307,6
3308,4
3309,4
3310,0
3311,0
3312,3
3313,3
3314,0
3315,0
3316,4
3317,4
3318,3
3319,4
3320,0
3321,4
3322,5
3323,5
3324,0
3325,6
3326,5
3327,6
3328,3
3329,6
3330,3
3331,3
3332,6
3333,4
3334,3
3335,4
3336,4
3337,3
3338,3
3339,3
3340,6
3341,6
3342,0
3343,5
3344,4
3345,6
3346,3
3347,0
3348,6
3349,4
3350,4
3351,0
3352,5
3353,3
3354,6
3355,4
3356,0
3357,0
3358,4
3359,3
3360,5
3361,6
3362,0
3363,0
3364,6
3365,0
3366,3
3367,6
3368,4
3369,0
3370,6
3371,3
3372,6
3373,6
3374,4
3375,3
3376,3
3377,0
3378,6
3379,2
3380,4
3381,6
3382,4
3383,0
3384,4
3385,0
3386,3
3387,5
3388,4
3389,5
3390,5
3391,3
3392,0
3393,0
3394,5
3395,4
3396,3
3397,6
3398,3
3399,4
3400,4
3401,4
3402,4
3403,0
3404,4
3405,0
3406,6
3407,6
3408,6
3409,6
3410,5
3411,0
3412,2
3413,0
3414,6
3415,0
3416,4
3417,4
3418,4
3419,3
3420,4
3421,2
3422,6
3423,5
3424,6
3425,3
3426,2
3427,3
3428,4
3429,4
3430,4
3431,3
3432,0
3433,3
3434,4
3435,3
3436,4
3437,5
3438,4
3439,5
3440,0
3441,0
3442,5
3443,5
3444,2
3445,6
3446,6
3447,3
3448,4
3449,6
3450,6
3451,3
3452,0
3453,3
3454,6
3455,6
3456,2
3457,3
3458,3
3459,0
3460,3
3461,6
3462,3
3463,4
3464,5
3465,2
3466,4
3467,5
3468,3
3469,0
3470,5
3471,4
3472,0
3473,3
3474,4
3475,4
3476,3
3477,4
3478,6
3479,3
3480,4
3481,0
3482,6
3483,3
3484,4
3485,3
3486,6
3487,0
3488,4
3489,3
3490,2
3491,0
3492,2
3493,4
3494,0
3495,0
3496,2
3497,0
3498,0
3499,2
3500,4
3501,0
3502,0
3503,5
3504,6
3505,5
3506,0
3507,4
3508,0
3509,0
3510,6
3511,6
3512,4
3513,3
3514,0
3515,3
3516,0
3517,6
3518,3
3519,6
3520,2
3521,6
3522,0
3523,2
3524,6
3525,4
3526,5
3527,3
3528,3
3529,6
3530,3
3531,0
3532,4
3533,6
3534,5
3535,3
3536,2
3537,4
3538,2
3539,3
3540,3
3541,2
3542,3
3543,0
3544,6
3545,5
3546,4
3547,6
3548,4
3549,3
3550,3
3551,1
3552,0
3553,3
3554,3
3555,0
3556,6
3557,2
3558,4
3559,6
3560,6
3561,6
3562,2
3563,6
3564,6
3565,3
3566,4
3567,4
3568,0
3569,1
3570,2
3571,6
3572,0
3573,3
3574,5
3575,5
3576,4
3577,2
3578,6
3579,6
3580,0
3581,6
3582,3
3583,3
3584,4
3585,3
3586,4
3587,6
3588,6
3589,0
3590,4
3591,4
3592,0
3593,0
3594,0
3595,6
3596,3
3597,0
3598,3
3599,5
3600,3
3601,6
3602,4
3603,4
3604,6
3605,0
3606,5
3607,4
3608,0
3609,3
3610,6
3611,0
3612,6
3613,3
3614,2
3615,5
3616,6
3617,6
3618,0
3619,0
3620,6
3621,6
3622,2
3623,1
3624,6
3625,5
3626,4
3627,0
3628,0
3629,4
3630,6
3631,4
3632,4
3633,0
3634,4
3635,3
3636,6
3637,3
3638,3
3639,4
3640,2
3641,3
3642,0
3643,0
3644,5
3645,5
3646,6
3647,6
3648,4
3649,6
3650,5
3651,6
3652,6
3653,0
3654,0
3655,3
3656,5
3657,6
3658,4
3659,2
3660,0
3661,5
3662,4
3663,3
3664,0
3665,6
3666,2
3667,5
3668,3
3669,5
3670,3
3671,5
3672,4
3673,4
3674,4
3675,6
3676,5
3677,3
3678,3
3679,3
3680,0
3681,0
3682,6
3683,6
3684,0
3685,6
3686,5
3687,4
3688,6
3689,5
3690,3
3691,6
3692,6
3693,3
3694,3
3695,5
3696,5
3697,5
3698,3
3699,0
3700,3
3701,0
3702,0
3703,3
3704,6
3705,3
3706,4
3707,3
3708,6
3709,6
3710,3
3711,5
3712,4
3713,4
3714,0
3715,4
3716,3
3717,3
3718,3
3719,6
3720,3
3721,4
3722,0
3723,5
3724,6
3725,6
3726,6
3727,3
3728,0
3729,4
3730,3
3731,3
3732,4
3733,4
3734,6
3735,3
3736,6
3737,6
3738,4
3739,6
3740,6
3741,6
3742,6
3743,0
3744,5
3745,4
3746,0
3747,6
3748,3
3749,4
3750,5
3751,3
3752,3
3753,0
3754,6
3755,4
3756,0
3757,3
3758,6
3759,3
3760,5
3761,0
3762,3
3763,0
3764,2
3765,6
3766,6
3767,1
3768,4
3769,4
3770,6
3771,6
3772,0
3773,4
3774,6
3775,5
3776,4
3777,4
3778,5
3779,3
3780,5
3781,6
3782,4
3783,6
3784,5
3785,5
3786,4
3787,2
3788,3
3789,4
3790,0
3791,4
3792,3
3793,2
3794,4
3795,0
3796,5
3797,4
3798,0
3799,6
3800,6
3801,5
3802,0
3803,0
3804,5
3805,4
3806,3
3807,6
3808,0
3809,4
3810,4
3811,6
3812,5
3813,6
3814,4
3815,2
3816,1
3817,5
3818,3
3819,3
3820,4
3821,6
3822,1
3823,4
3824,4
3825,0
3826,5
3827,3
3828,6
3829,2
3830,0
3831,0
3832,3
3833,3
3834,3
3835,3
3836,4
3837,0
3838,6
3839,4
3840,4
3841,0
3842,4
3843,4
3844,5
3845,3
3846,3
3847,3
3848,3
3849,3
3850,0
3851,3
3852,6
3853,4
3854,2
3855,6
3856,4
3857,2
3858,4
3859,3
3860,2
3861,5
3862,4
3863,4
3864,3
3865,3
3866,6
3867,6
3868,6
3869,0
3870,4
3871,4
3872,3
3873,6
3874,4
3875,0
3876,4
3877,3
3878,6
3879,2
3880,4
3881,3
3882,0
3883,0
3884,0
3885,3
3886,3
3887,4
3888,6
3889,2
3890,0
3891,0
3892,0
3893,6
3894,0
3895,4
3896,3
3897,4
3898,3
3899,6
3900,6
3901,0
3902,5
3903,0
3904,4
3905,3
3906,6
3907,4
3908,4
3909,3
3910,6
3911,6
3912,2
3913,4
3914,0
3915,3
3916,0
3917,4
3918,3
3919,6
3920,3
3921,5
3922,4
3923,6
3924,5
3925,4
3926,2
3927,4
3928,4
3929,4
3930,6
3931,4
3932,4
3933,4
3934,0
3935,3
3936,3
3937,0
3938,0
3939,3
3940,5
3941,0
3942,6
3943,5
3944,6
3945,4
3946,3
3947,4
3948,3
3949,3
3950,3
3951,3
3952,4
3953,5
3954,3
3955,4
3956,4
3957,6
3958,6
3959,4
3960,3
3961,3
3962,6
3963,4
3964,4
3965,3
3966,6
3967,3
3968,0
3969,3
3970,5
3971,5
3972,1
3973,6
3974,6
3975,0
3976,6
3977,3
3978,3
3979,6
3980,5
3981,3
3982,2
3983,4
3984,4
3985,4
3986,0
3987,2
3988,0
3989,4
3990,3
3991,6
3992,3
3993,6
3994,6
3995,6
3996,6
3997,4
3998,4
3999,5
4000,4
4001,0
4002,4
4003,6
4004,5
4005,6
4006,4
4007,5
4008,0
4009,0
4010,4
4011,6
4012,3
4013,0
4014,3
4015,6
4016,3
4017,6
4018,6
4019,3
4020,6
4021,6
4022,4
4023,3
4024,3
4025,2
4026,6
4027,6
4028,3
4029,6
4030,4
4031,6
4032,3
4033,6
4034,3
4035,4
4036,4
4037,3
4038,3
4039,4
4040,5
4041,6
4042,0
4043,4
4044,5
4045,6
4046,0
4047,5
4048,4
4049,4
4050,4
4051,6
4052,0
4053,5
4054,3
4055,3
4056,4
4057,4
4058,3
4059,4
4060,3
4061,4
4062,5
4063,4
4064,3
4065,5
4066,0
4067,4
4068,0
4069,4
4070,6
4071,5
4072,0
4073,6
4074,6
4075,6
4076,5
4077,6
4078,6
4079,2
4080,4
4081,0
4082,4
4083,6
4084,6
4085,0
4086,2
4087,3
4088,3
4089,2
4090,4
4091,3
4092,4
4093,3
4094,0
4095,5
4096,4
4097,5
4098,2
4099,3
4100,4
4101,0
4102,2
4103,0
4104,4
4105,4
4106,5
4107,0
4108,6
4109,4
4110,5
4111,4
4112,4
4113,5
4114,6
4115,5
4116,6
4117,3
4118,3
4119,0
4120,4
4121,3
4122,5
4123,3
4124,4
4125,3
4126,3
4127,4
4128,3
4129,3
4130,4
4131,6
4132,4
4133,6
4134,4
4135,0
4136,3
4137,3
4138,6
4139,6
4140,3
4141,3
4142,0
4143,4
4144,4
4145,6
4146,6
4147,4
4148,0
4149,0
4150,3
4151,3
4152,6
4153,6
4154,0
4155,3
4156,0
4157,2
4158,2
4159,3
4160,4
4161,6
4162,4
4163,4
4164,0
4165,4
4166,5
4167,0
4168,4
4169,5
4170,0
4171,0
4172,0
4173,3
4174,3
4175,5
4176,5
4177,3
4178,3
4179,4
4180,0
4181,6
4182,3
4183,3
4184,4
4185,0
4186,4
4187,3
4188,3
4189,3
4190,3
4191,6
4192,6
4193,3
4194,6
4195,3
4196,4
4197,0
4198,3
4199,4
4200,4
4201,0
4202,3
4203,0
4204,3
4205,4
4206,6
4207,0
4208,3
4209,0
4210,3
4211,6
4212,6
4213,0
4214,4
4215,5
4216,5
4217,4
4218,4
4219,4
4220,4
4221,3
4222,0
4223,4
4224,0
4225,0
4226,6
4227,3
4228,6
4229,6
4230,4
4231,5
4232,6
4233,3
4234,5
4235,0
4236,4
4237,2
4238,4
4239,5
4240,3
4241,3
4242,0
4243,3
4244,3
4245,3
4246,3
4247,4
4248,0
4249,3
4250,0
4251,4
4252,4
4253,0
4254,3
4255,0
4256,4
4257,4
4258,3
4259,2
4260,4
4261,6
4262,3
4263,6
4264,3
4265,4
4266,3
4267,0
4268,4
4269,6
4270,5
4271,2
4272,0
4273,4
4274,3
4275,4
4276,5
4277,0
4278,4
4279,5
4280,5
4281,4
4282,2
4283,0
4284,3
4285,0
4286,3
4287,6
4288,3
4289,3
4290,0
4291,2
4292,3
4293,4
4294,3
4295,0
4296,0
4297,3
4298,0
4299,0
4300,3
4301,3
4302,6
4303,6
4304,3
4305,6
4306,4
4307,6
4308,3
4309,6
4310,2
4311,4
4312,5
4313,6
4314,0
4315,3
4316,5
4317,4
4318,5
4319,4
4320,3
4321,3
4322,6
4323,3
4324,4
4325,0
4326,0
4327,4
4328,6
4329,6
4330,0
4331,0
4332,6
4333,5
4334,3
4335,0
4336,5
4337,3
4338,4
4339,0
4340,6
4341,0
4342,4
4343,2
4344,6
4345,0
4346,5
4347,4
4348,0
4349,6
4350,6
4351,4
4352,4
4353,0
4354,6
4355,6
4356,3
4357,3
4358,5
4359,3
4360,4
4361,4
4362,3
4363,5
4364,4
4365,3
4366,6
4367,6
4368,4
4369,3
4370,2
4371,0
4372,4
4373,2
4374,0
4375,3
4376,4
4377,4
4378,3
4379,4
4380,4
4381,0
4382,3
4383,3
4384,4
4385,3
4386,5
4387,4
4388,2
4389,4
4390,3
4391,6
4392,3
4393,3
4394,6
4395,3
4396,0
4397,5
4398,3
4399,0
4400,0
4401,6
4402,4
4403,4
4404,4
4405,0
4406,1
4407,3
4408,0
4409,3
4410,3
4411,6
4412,6
4413,3
4414,3
4415,4
4416,3
4417,3
4418,0
4419,2
4420,0
4421,2
4422,2
4423,0
4424,6
4425,6
4426,3
4427,4
4428,0
4429,3
4430,0
4431,6
4432,3
4433,6
4434,5
4435,3
4436,4
4437,4
4438,5
4439,0
4440,4
4441,6
4442,3
4443,4
4444,3
4445,4
4446,4
4447,5
4448,3
4449,5
4450,6
4451,4
4452,3
4453,6
4454,4
4455,3
4456,3
4457,3
4458,3
4459,3
4460,2
4461,0
4462,0
4463,6
4464,2
4465,3
4466,3
4467,3
4468,2
4469,4
4470,6
4471,5
4472,4
4473,0
4474,5
4475,5
4476,2
4477,6
4478,6
4479,3
4480,5
4481,2
4482,4
4483,5
4484,6
4485,3
4486,6
4487,6
4488,0
4489,3
4490,6
4491,4
4492,0
4493,4
4494,3
4495,5
4496,3
4497,0
4498,3
4499,4
4500,0
4501,0
4502,5
4503,3
4504,6
4505,6
4506,2
4507,3
4508,4
4509,4
4510,4
4511,3
4512,0
4513,0
4514,5
4515,0
4516,3
4517,5
4518,2
4519,3
4520,3
4521,3
4522,3
4523,5
4524,0
4525,6
4526,4
4527,0
4528,6
4529,0
4530,4
4531,0
4532,5
4533,5
4534,6
4535,4
4536,2
4537,4
4538,4
4539,5
4540,4
4541,3
4542,5
4543,3
4544,5
4545,4
4546,6
4547,0
4548,3
4549,6
4550,2
4551,0
4552,3
4553,6
4554,3
4555,4
4556,4
4557,6
4558,3
4559,0
4560,2
4561,4
4562,3
4563,6
4564,0
4565,3
4566,3
4567,6
4568,3
4569,3
4570,4
4571,4
4572,4
4573,6
4574,3
4575,0
4576,6
4577,6
4578,2
4579,3
4580,6
4581,5
4582,0
4583,0
4584,3
4585,4
4586,4
4587,3
4588,3
4589,3
4590,2
4591,3
4592,3
4593,4
4594,0
4595,4
4596,0
4597,3
4598,4
4599,0
4600,0
4601,6
4602,4
4603,6
4604,5
4605,5
4606,4
4607,5
4608,6
4609,5
4610,3
4611,3
4612,0
4613,3
4614,3
4615,5
4616,6
4617,5
4618,4
4619,0
4620,5
4621,6
4622,4
4623,5
4624,2
4625,4
4626,5
4627,6
4628,4
4629,3
4630,6
4631,6
4632,6
4633,3
4634,3
4635,4
4636,5
4637,6
4638,3
4639,2
4640,4
4641,4
4642,4
4643,0
4644,4
4645,0
4646,4
4647,0
4648,3
4649,0
4650,2
4651,3
4652,6
4653,3
4654,4
4655,5
4656,0
4657,3
4658,3
4659,3
4660,4
4661,6
4662,4
4663,0
4664,6
4665,5
4666,3
4667,2
4668,6
4669,5
4670,0
4671,5
4672,6
4673,0
4674,0
4675,0
4676,5
4677,3
4678,1
4679,0
4680,5
4681,6
4682,3
4683,3
4684,5
4685,0
4686,6
4687,4
4688,4
4689,6
4690,4
4691,3
4692,0
4693,6
4694,6
4695,4
4696,4
4697,4
4698,3
4699,4
4700,4
4701,0
4702,5
4703,4
4704,3
4705,6
4706,3
4707,6
4708,6
4709,6
4710,3
4711,3
4712,4
4713,4
4714,3
4715,4
4716,4
4717,2
4718,0
4719,6
4720,5
4721,2
4722,5
4723,4
4724,0
4725,6
4726,6
4727,3
4728,6
4729,4
4730,5
4731,2
4732,3
4733,3
4734,0
4735,4
4736,4
4737,2
4738,4
4739,0
4740,0
4741,0
4742,3
4743,6
4744,5
4745,4
4746,3
4747,5
4748,6
4749,3
4750,0
4751,3
4752,5
4753,6
4754,3
4755,3
4756,6
4757,4
4758,0
4759,6
4760,3
4761,3
4762,6
4763,3
4764,2
4765,2
4766,0
4767,3
4768,4
4769,0
4770,3
4771,3
4772,0
4773,4
4774,5
4775,5
4776,3
4777,4
4778,6
4779,5
4780,4
4781,6
4782,3
4783,4
4784,0
4785,0
4786,6
4787,4
4788,6
4789,2
4790,0
4791,5
4792,5
4793,3
4794,6
4795,3
4796,0
4797,0
4798,4
4799,3
4800,0
4801,4
4802,3
4803,0
4804,3
4805,4
4806,4
4807,4
4808,4
4809,3
4810,4
4811,6
4812,6
4813,4
4814,0
4815,3
4816,3
4817,6
4818,3
4819,6
4820,3
4821,3
4822,3
4823,3
4824,3
4825,6
4826,0
4827,6
4828,0
4829,3
4830,0
4831,3
4832,3
4833,0
4834,0
4835,3
4836,4
4837,5
4838,4
4839,4
4840,4
4841,5
4842,3
4843,3
4844,5
4845,0
4846,3
4847,4
4848,4
4849,4
4850,4
4851,6
4852,1
4853,3
4854,6
4855,3
4856,0
4857,6
4858,5
4859,3
4860,5
4861,3
4862,2
4863,4
4864,0
4865,3
4866,4
4867,5
4868,4
4869,6
4870,0
4871,2
4872,6
4873,2
4874,0
4875,4
4876,0
4877,6
4878,2
4879,0
4880,4
4881,6
4882,0
4883,6
4884,3
4885,3
4886,6
4887,5
4888,4
4889,4
4890,4
4891,6
4892,0
4893,5
4894,4
4895,4
4896,2
4897,4
4898,4
4899,2
4900,4
4901,3
4902,4
4903,6
4904,4
4905,0
4906,3
4907,6
4908,4
4909,4
4910,3
4911,4
4912,4
4913,0
4914,0
4915,2
4916,4
4917,3
4918,4
4919,4
4920,4
4921,3
4922,5
4923,5
4924,0
4925,3
4926,3
4927,3
4928,6
4929,0
4930,4
4931,4
4932,3
4933,6
4934,3
4935,5
4936,5
4937,0
4938,2
4939,0
4940,5
4941,2
4942,5
4943,5
4944,3
4945,0
4946,6
4947,6
4948,3
4949,0
4950,6
4951,3
4952,0
4953,2
4954,4
4955,4
4956,3
4957,0
4958,5
4959,6
4960,3
4961,1
4962,0
4963,6
4964,0
4965,6
4966,3
4967,3
4968,0
4969,5
4970,4
4971,6
4972,0
4973,0
4974,3
4975,4
4976,3
4977,4
4978,6
4979,3
4980,4
4981,3
4982,6
4983,3
4984,4
4985,6
4986,3
4987,1
4988,0
4989,4
4990,6
4991,3
4992,2
4993,0
4994,6
4995,3
4996,6
4997,0
4998,6
4999,6
5000,2
5001,6
5002,3
5003,6
5004,6
5005,6
5006,4
5007,6
5008,6
5009,4
5010,0
5011,2
5012,3
5013,4
5014,3
5015,6
5016,4
5017,3
5018,3
5019,4
5020,0
5021,4
5022,3
5023,6
5024,6
5025,5
5026,4
5027,4
5028,5
5029,2
5030,0
5031,6
5032,3
5033,3
5034,4
5035,4
5036,5
5037,5
5038,3
5039,4
5040,4
5041,4
5042,6
5043,4
5044,6
5045,4
5046,5
5047,3
5048,3
5049,6
5050,2
5051,4
5052,3
5053,0
5054,0
5055,4
5056,6
5057,0
5058,6
5059,0
5060,3
5061,3
5062,0
5063,0
5064,0
5065,0
5066,4
5067,4
5068,0
5069,4
5070,6
5071,4
5072,6
5073,4
5074,3
5075,4
5076,6
5077,6
5078,4
5079,4
5080,5
5081,4
5082,4
5083,4
5084,4
5085,6
5086,4
5087,0
5088,0
5089,3
5090,4
5091,0
5092,2
5093,3
5094,6
5095,2
5096,5
5097,0
5098,6
5099,4
5100,0
5101,5
5102,0
5103,2
5104,3
5105,3
5106,5
5107,6
5108,3
5109,3
5110,6
5111,4
5112,6
5113,4
5114,6
5115,6
5116,5
5117,3
5118,4
5119,4
5120,0
5121,4
5122,6
5123,5
5124,6
5125,4
5126,5
5127,3
5128,2
5129,4
5130,3
5131,4
5132,3
5133,3
5134,3
5135,2
5136,4
5137,3
5138,1
5139,4
5140,6
5141,4
5142,3
5143,5
5144,3
5145,3
5146,4
5147,6
5148,4
5149,6
5150,5
5151,6
5152,2
5153,3
5154,6
5155,4
5156,6
5157,5
5158,3
5159,3
5160,4
5161,6
5162,6
5163,6
5164,6
5165,3
5166,6
5167,6
5168,4
5169,3
5170,5
5171,6
5172,4
5173,3
5174,5
5175,2
5176,4
5177,5
5178,4
5179,3
5180,0
5181,0
5182,3
5183,2
5184,6
5185,4
5186,3
5187,6
5188,0
5189,3
5190,4
5191,4
5192,6
5193,2
5194,6
5195,0
5196,4
5197,3
5198,5
5199,5
5200,0
5201,5
5202,5
5203,4
5204,4
5205,0
5206,3
5207,3
5208,3
5209,4
5210,2
5211,0
5212,6
5213,4
5214,3
5215,0
5216,3
5217,0
5218,3
5219,4
5220,0
5221,0
5222,5
5223,0
5224,3
5225,0
5226,2
5227,6
5228,6
5229,3
5230,6
5231,0
5232,6
5233,4
5234,4
5235,3
5236,2
5237,3
5238,3
5239,3
5240,3
5241,0
5242,4
5243,6
5244,6
5245,3
5246,6
5247,4
5248,2
5249,4
5250,6
5251,4
5252,0
5253,4
5254,2
5255,3
5256,0
5257,6
5258,0
5259,0
5260,3
5261,4
5262,2
5263,3
5264,0
5265,1
5266,6
5267,6
5268,0
5269,0
5270,0
5271,3
5272,3
5273,0
5274,6
5275,3
5276,4
5277,0
5278,0
5279,4
5280,0
5281,2
5282,3
5283,6
5284,5
5285,6
5286,0
5287,0
5288,5
5289,0
5290,3
5291,6
5292,0
5293,0
5294,4
5295,0
5296,5
5297,3
5298,3
5299,6
5300,2
5301,4
5302,4
5303,3
5304,6
5305,3
5306,3
5307,5
5308,6
5309,4
5310,3
5311,0
5312,6
5313,0
5314,0
5315,0
5316,5
5317,4
5318,3
5319,4
5320,3
5321,5
5322,6
5323,4
5324,3
5325,5
5326,3
5327,0
5328,6
5329,3
5330,5
5331,4
5332,3
5333,3
5334,3
5335,3
5336,2
5337,3
5338,0
5339,5
5340,3
5341,3
5342,4
5343,5
5344,3
5345,3
5346,3
5347,0
5348,3
5349,0
5350,4
5351,6
5352,4
5353,3
5354,4
5355,6
5356,3
5357,3
5358,6
5359,0
5360,0
5361,4
5362,6
5363,5
5364,0
5365,6
5366,4
5367,4
5368,6
5369,0
5370,4
5371,4
5372,6
5373,3
5374,0
5375,3
5376,0
5377,0
5378,0
5379,2
5380,0
5381,3
5382,3
5383,2
5384,6
5385,3
5386,4
5387,5
5388,4
5389,3
5390,6
5391,6
5392,4
5393,3
5394,6
5395,5
5396,4
5397,4
5398,3
5399,5
5400,3
5401,6
5402,5
5403,2
5404,5
5405,5
5406,3
5407,0
5408,6
5409,3
5410,3
5411,4
5412,6
5413,4
5414,6
5415,4
5416,5
5417,2
5418,4
5419,6
5420,3
5421,4
5422,4
5423,4
5424,0
5425,3
5426,4
5427,5
5428,0
5429,0
5430,4
5431,5
5432,6
5433,0
5434,2
5435,5
5436,3
5437,5
5438,6
5439,0
5440,0
5441,3
5442,0
5443,3
5444,6
5445,4
5446,6
5447,0
5448,6
5449,6
5450,3
5451,2
5452,6
5453,5
5454,3
5455,4
5456,4
5457,0
5458,2
5459,6
5460,5
5461,3
5462,0
5463,0
5464,3
5465,6
5466,3
5467,4
5468,0
5469,0
5470,5
5471,0
5472,0
5473,0
5474,6
5475,0
5476,5
5477,3
5478,5
5479,6
5480,5
5481,4
5482,6
5483,4
5484,6
5485,4
5486,4
5487,6
5488,4
5489,3
5490,6
5491,4
5492,0
5493,3
5494,3
5495,0
5496,6
5497,6
5498,0
5499,6
5500,3
5501,6
5502,3
5503,2
5504,5
5505,0
5506,3
5507,3
5508,0
5509,6
5510,3
5511,0
5512,4
5513,0
5514,0
5515,4
5516,6
5517,3
5518,6
5519,6
5520,5
5521,0
5522,6
5523,0
5524,4
5525,3
5526,0
5527,2
5528,5
5529,0
5530,6
5531,0
5532,4
5533,4
5534,3
5535,3
5536,3
5537,4
5538,2
5539,0
5540,2
5541,4
5542,0
5543,6
5544,0
5545,4
5546,3
5547,2
5548,3
5549,0
5550,4
5551,3
5552,4
5553,4
5554,6
5555,3
5556,3
5557,0
5558,4
5559,5
5560,3
5561,5
5562,6
5563,6
5564,4
5565,3
5566,5
5567,6
5568,0
5569,3
5570,6
5571,3
5572,3
5573,3
5574,4
5575,0
5576,2
5577,6
5578,6
5579,2
5580,4
5581,0
5582,3
5583,2
5584,3
5585,3
5586,3
5587,4
5588,6
5589,5
5590,4
5591,4
5592,3
5593,3
5594,3
5595,5
5596,0
5597,6
5598,5
5599,6
5600,6
5601,6
5602,6
5603,4
5604,3
5605,4
5606,3
5607,3
5608,3
5609,4
5610,4
5611,0
5612,6
5613,4
5614,6
5615,6
5616,2
5617,3
5618,0
5619,3
5620,3
5621,5
5622,6
5623,0
5624,5
5625,6
5626,6
5627,2
5628,4
5629,4
5630,4
5631,5
5632,4
5633,0
5634,3
5635,3
5636,4
5637,3
5638,3
5639,0
5640,4
5641,4
5642,6
5643,4
5644,3
5645,3
5646,0
5647,0
5648,4
5649,0
5650,2
5651,1
5652,3
5653,4
5654,0
5655,4
5656,5
5657,6
5658,3
5659,3
5660,5
5661,3
5662,4
5663,0
5664,4
5665,6
5666,3
5667,6
5668,3
5669,3
5670,6
5671,0
5672,3
5673,4
5674,0
5675,6
5676,5
5677,3
5678,6
5679,6
5680,0
5681,4
5682,3
5683,3
5684,5
5685,3
5686,5
5687,0
5688,3
5689,6
5690,6
5691,5
5692,4
5693,3
5694,4
5695,3
5696,0
5697,6
5698,3
5699,4
5700,3
5701,3
5702,5
5703,3
5704,4
5705,4
5706,4
5707,3
5708,0
5709,3
5710,6
5711,4
5712,3
5713,6
5714,0
5715,0
5716,6
5717,6
5718,0
5719,6
5720,3
5721,3
5722,3
5723,0
5724,0
5725,3
5726,3
5727,3
5728,3
5729,0
5730,5
5731,3
5732,0
5733,6
5734,6
5735,0
5736,3
5737,4
5738,0
5739,4
5740,3
5741,5
5742,2
5743,5
5744,3
5745,6
5746,6
5747,3
5748,4
5749,6
5750,4
5751,0
5752,0
5753,2
5754,3
5755,3
5756,2
5757,3
5758,4
5759,3
5760,3
5761,0
5762,3
5763,5
5764,3
5765,0
5766,4
5767,4
5768,4
5769,4
5770,3
5771,4
5772,6
5773,4
5774,3
5775,4
5776,2
5777,2
5778,3
5779,4
5780,2
5781,3
5782,6
5783,4
5784,3
5785,0
5786,0
5787,5
5788,3
5789,3
5790,6
5791,5
5792,3
5793,6
5794,4
5795,0
5796,0
5797,2
5798,4
5799,6
5800,5
5801,6
5802,6
5803,0
5804,6
5805,3
5806,0
5807,6
5808,4
5809,4
5810,0
5811,3
5812,3
5813,3
5814,6
5815,4
5816,3
5817,6
5818,3
5819,3
5820,6
5821,6
5822,3
5823,2
5824,6
5825,0
5826,0
5827,2
5828,4
5829,6
5830,3
5831,4
5832,4
5833,2
5834,4
5835,0
5836,0
5837,5
5838,4
5839,4
5840,3
5841,4
5842,4
5843,0
5844,3
5845,3
5846,6
5847,3
5848,5
5849,6
5850,4
5851,6
5852,2
5853,6
5854,6
5855,3
5856,5
5857,3
5858,3
5859,5
5860,3
5861,4
5862,3
5863,4
5864,2
5865,3
5866,4
5867,4
5868,0
5869,5
5870,0
5871,3
5872,0
5873,6
5874,5
5875,6
5876,3
5877,4
5878,3
5879,6
5880,0
5881,5
5882,2
5883,0
5884,5
5885,4
5886,4
5887,4
5888,4
5889,6
5890,3
5891,3
5892,0
5893,3
5894,6
5895,3
5896,6
5897,5
5898,4
5899,3
5900,0
5901,6
5902,5
5903,6
5904,4
5905,3
5906,0
5907,0
5908,3
5909,4
5910,6
5911,0
5912,3
5913,1
5914,0
5915,0
5916,0
5917,0
5918,0
5919,4
5920,4
5921,4
5922,6
5923,0
5924,0
5925,3
5926,0
5927,6
5928,6
5929,0
5930,4
5931,2
5932,5
5933,6
5934,4
5935,3
5936,3
5937,6
5938,5
5939,5
5940,4
5941,3
5942,6
5943,0
5944,4
5945,6
5946,2
5947,2
5948,6
5949,3
5950,2
5951,4
5952,4
5953,3
5954,6
5955,5
5956,6
5957,4
5958,2
5959,6
5960,3
5961,4
5962,6
5963,0
5964,6
5965,5
5966,2
5967,0
5968,4
5969,4
5970,4
5971,5
5972,3
5973,6
5974,3
5975,4
5976,6
5977,0
5978,1
5979,3
5980,3
5981,3
5982,3
5983,6
5984,3
5985,4
5986,3
5987,3
5988,6
5989,2
5990,0
5991,0
5992,0
5993,3
5994,3
5995,0
5996,4
5997,5
5998,4
5999,6
6000,3
6001,5
6002,5
6003,3
6004,0
6005,0
6006,4
6007,3
6008,2
6009,6
6010,0
6011,3
6012,5
6013,2
6014,6
6015,3
6016,5
6017,6
6018,0
6019,6
6020,3
6021,0
6022,6
6023,4
6024,4
6025,2
6026,2
6027,3
6028,3
6029,0
6030,6
6031,0
6032,0
6033,3
6034,5
6035,4
6036,4
6037,3
6038,3
6039,3
6040,0
6041,0
6042,4
6043,4
6044,3
6045,3
6046,5
6047,3
6048,5
6049,3
6050,3
6051,3
6052,3
6053,4
6054,6
6055,0
6056,3
6057,4
6058,5
6059,3
6060,6
6061,0
6062,3
6063,3
6064,0
6065,3
6066,5
6067,3
6068,5
6069,0
6070,0
6071,0
6072,0
6073,6
6074,3
6075,5
6076,4
6077,3
6078,2
6079,4
6080,4
6081,0
6082,3
6083,3
6084,0
6085,5
6086,0
6087,6
6088,6
6089,2
6090,6
6091,5
6092,6
6093,4
6094,6
6095,6
6096,2
6097,0
6098,0
6099,5
6100,4
6101,4
6102,2
6103,3
6104,5
6105,4
6106,3
6107,5
6108,5
6109,2
6110,3
6111,0
6112,4
6113,3
6114,4
6115,6
6116,3
6117,5
6118,0
6119,3
6120,3
6121,0
6122,6
6123,3
6124,5
6125,4
6126,5
6127,3
6128,0
6129,6
6130,6
6131,3
6132,3
6133,0
6134,0
6135,5
6136,3
6137,6
6138,3
6139,5
6140,0
6141,0
6142,6
6143,4
6144,2
6145,4
6146,3
6147,4
6148,3
6149,4
6150,2
6151,0
6152,3
6153,3
6154,4
6155,3
6156,6
6157,4
6158,3
6159,4
6160,3
6161,6
6162,3
6163,2
6164,6
6165,3
6166,6
6167,6
6168,0
6169,5
6170,2
6171,3
6172,6
6173,3
6174,3
6175,3
6176,6
6177,4
6178,0
6179,3
6180,0
6181,3
6182,2
6183,6
6184,3
6185,3
6186,4
6187,6
6188,4
6189,5
6190,0
6191,3
6192,3
6193,2
6194,6
6195,5
6196,0
6197,4
6198,3
6199,5
6200,3
6201,6
6202,6
6203,4
6204,4
6205,3
6206,6
6207,3
6208,4
6209,0
6210,4
6211,6
6212,3
6213,3
6214,5
6215,6
6216,5
6217,5
6218,6
6219,3
6220,2
6221,4
6222,3
6223,2
6224,5
6225,6
6226,6
6227,3
6228,6
6229,4
6230,5
6231,4
6232,4
6233,4
6234,6
6235,0
6236,0
6237,4
6238,4
6239,0
6240,4
6241,4
6242,3
6243,3
6244,4
6245,4
6246,0
6247,3
6248,5
6249,0
6250,2
6251,0
6252,3
6253,4
6254,4
6255,0
6256,3
6257,6
6258,0
6259,4
6260,3
6261,4
6262,6
6263,4
6264,3
6265,6
6266,3
6267,5
6268,6
6269,4
6270,6
6271,6
6272,2
6273,4
6274,0
6275,5
6276,6
6277,5
6278,5
6279,4
6280,6
6281,5
6282,4
6283,6
6284,6
6285,4
6286,3
6287,3
6288,5
6289,4
6290,3
6291,3
6292,3
6293,5
6294,2
6295,0
6296,0
6297,4
6298,3
6299,4
6300,0
6301,6
6302,3
6303,0
6304,0
6305,6
6306,1
6307,3
6308,6
6309,4
6310,4
6311,4
6312,4
6313,2
6314,4
6315,6
6316,6
6317,4
6318,3
6319,6
6320,3
6321,6
6322,0
6323,4
6324,0
6325,0
6326,3
6327,5
6328,6
6329,2
6330,4
6331,0
6332,0
6333,3
6334,4
6335,2
6336,0
6337,4
6338,3
6339,0
6340,5
6341,6
6342,4
6343,4
6344,4
6345,3
6346,4
6347,4
6348,3
6349,4
6350,0
6351,5
6352,0
6353,3
6354,5
6355,4
6356,3
6357,6
6358,3
6359,4
6360,0
6361,6
6362,4
6363,6
6364,0
6365,3
6366,6
6367,5
6368,6
6369,6
6370,0
6371,0
6372,0
6373,3
6374,5
6375,4
6376,4
6377,3
6378,5
6379,4
6380,3
6381,3
6382,4
6383,0
6384,0
6385,2
6386,5
6387,3
6388,2
6389,6
6390,0
6391,0
6392,3
6393,6
6394,3
6395,4
6396,4
6397,6
6398,4
6399,6
6400,6
6401,6
6402,2
6403,0
6404,0
6405,0
6406,0
6407,4
6408,3
6409,5
6410,0
6411,4
6412,6
6413,4
6414,6
6415,6
6416,4
6417,6
6418,6
6419,4
6420,6
6421,3
6422,4
6423,5
6424,3
6425,3
6426,0
6427,6
6428,4
6429,5
6430,3
6431,6
6432,3
6433,3
6434,0
6435,5
6436,0
6437,0
6438,0
6439,4
6440,0
6441,5
6442,0
6443,5
6444,3
6445,5
6446,4
6447,0
6448,4
6449,4
6450,3
6451,6
6452,0
6453,0
6454,3
6455,3
6456,3
6457,6
6458,6
6459,0
6460,3
6461,0
6462,3
6463,3
6464,4
6465,5
6466,5
6467,6
6468,3
6469,4
6470,4
6471,4
6472,3
6473,3
6474,4
6475,2
6476,2
6477,2
6478,4
6479,2
6480,4
6481,0
6482,6
6483,4
6484,0
6485,5
6486,4
6487,5
6488,3
6489,4
6490,3
6491,3
6492,5
6493,2
6494,6
6495,0
6496,4
6497,5
6498,0
6499,6
6500,3
6501,0
6502,2
6503,5
6504,3
6505,4
6506,3
6507,4
6508,6
6509,3
6510,5
6511,6
6512,5
6513,3
6514,0
6515,6
6516,3
6517,6
6518,6
6519,3
6520,6
6521,5
6522,4
6523,6
6524,6
6525,6
6526,6
6527,0
6528,5
6529,5
6530,3
6531,4
6532,6
6533,3
6534,0
6535,3
6536,0
6537,5
6538,3
6539,0
6540,5
6541,0
6542,2
6543,3
6544,3
6545,6
6546,6
6547,3
6548,4
6549,3
6550,4
6551,4
6552,0
6553,4
6554,2
6555,5
6556,3
6557,4
6558,0
6559,4
6560,4
6561,0
6562,4
6563,0
6564,6
6565,5
6566,6
6567,5
6568,0
6569,1
6570,4
6571,5
6572,5
6573,4
6574,3
6575,4
6576,5
6577,0
6578,3
6579,5
6580,2
6581,4
6582,3
6583,0
6584,3
6585,0
6586,3
6587,1
6588,6
6589,3
6590,3
6591,6
6592,3
6593,4
6594,4
6595,3
6596,5
6597,6
6598,0
6599,3
6600,6
6601,3
6602,0
6603,3
6604,0
6605,4
6606,4
6607,5
6608,4
6609,4
6610,4
6611,3
6612,3
6613,6
6614,4
6615,3
6616,4
6617,0
6618,0
6619,4
6620,4
6621,2
6622,0
6623,6
6624,5
6625,2
6626,6
6627,0
6628,4
6629,4
6630,3
6631,3
6632,2
6633,3
6634,3
6635,0
6636,4
6637,3
6638,5
6639,4
6640,5
6641,3
6642,5
6643,4
6644,0
6645,6
6646,2
6647,6
6648,3
6649,3
6650,6
6651,5
6652,3
6653,4
6654,4
6655,3
6656,4
6657,4
6658,3
6659,0
6660,3
6661,0
6662,3
6663,3
6664,6
6665,4
6666,4
6667,2
6668,3
6669,6
6670,4
6671,4
6672,3
6673,6
6674,6
6675,5
6676,2
6677,4
6678,5
6679,5
6680,3
6681,5
6682,4
6683,4
6684,4
6685,4
6686,6
6687,0
6688,4
6689,4
6690,6
6691,6
6692,0
6693,2
6694,4
6695,3
6696,4
6697,0
6698,0
6699,6
6700,1
6701,4
6702,6
6703,3
6704,2
6705,6
6706,4
6707,6
6708,6
6709,6
6710,3
6711,3
6712,4
6713,3
6714,4
6715,3
6716,0
6717,3
6718,4
6719,3
6720,4
6721,6
6722,4
6723,5
6724,0
6725,2
6726,3
6727,0
6728,4
6729,4
6730,4
6731,3
6732,4
6733,6
6734,3
6735,0
6736,5
6737,6
6738,4
6739,4
6740,4
6741,6
6742,4
6743,3
6744,2
6745,4
6746,4
6747,6
6748,4
6749,3
6750,3
6751,6
6752,5
6753,4
6754,4
6755,4
6756,5
6757,4
6758,3
6759,5
6760,4
6761,4
6762,2
6763,4
6764,3
6765,3
6766,2
6767,6
6768,6
6769,3
6770,6
6771,4
6772,3
6773,2
6774,0
6775,6
6776,4
6777,4
6778,4
6779,4
6780,0
6781,4
6782,4
6783,3
6784,4
6785,3
6786,4
6787,4
6788,3
6789,5
6790,3
6791,0
6792,3
6793,0
6794,6
6795,0
6796,5
6797,3
6798,6
6799,3
6800,4
6801,4
6802,5
6803,4
6804,5
6805,0
6806,4
6807,2
6808,3
6809,6
6810,6
6811,6
6812,3
6813,0
6814,4
6815,5
6816,2
6817,3
6818,4
6819,6
6820,3
6821,2
6822,5
6823,0
6824,4
6825,0
6826,6
6827,3
6828,4
6829,4
6830,0
6831,5
6832,2
6833,0
6834,4
6835,6
6836,3
6837,6
6838,3
6839,3
6840,4
6841,4
6842,4
6843,3
6844,6
6845,0
6846,3
6847,6
6848,4
6849,4
6850,3
6851,4
6852,4
6853,0
6854,0
6855,3
6856,4
6857,3
6858,4
6859,5
6860,0
6861,5
6862,4
6863,0
6864,4
6865,4
6866,2
6867,6
6868,2
6869,3
6870,3
6871,1
6872,6
6873,3
6874,0
6875,3
6876,6
6877,5
6878,3
6879,6
6880,3
6881,3
6882,4
6883,2
6884,6
6885,4
6886,6
6887,3
6888,0
6889,3
6890,4
6891,4
6892,5
6893,3
6894,3
6895,3
6896,2
6897,6
6898,0
6899,6
6900,2
6901,0
6902,0
6903,0
6904,3
6905,6
6906,4
6907,5
6908,6
6909,0
6910,0
6911,6
6912,2
6913,5
6914,6
6915,0
6916,3
6917,6
6918,3
6919,4
6920,2
6921,4
6922,4
6923,6
6924,0
6925,6
6926,3
6927,5
6928,0
6929,3
6930,6
6931,6
6932,4
6933,6
6934,2
6935,3
6936,0
6937,6
6938,3
6939,0
6940,6
6941,6
6942,0
6943,0
6944,3
6945,4
6946,2
6947,4
6948,4
6949,0
6950,4
6951,2
6952,4
6953,5
6954,0
6955,3
6956,0
6957,5
6958,2
6959,6
6960,0
6961,6
6962,4
6963,0
6964,4
6965,4
6966,3
6967,3
6968,3
6969,0
6970,6
6971,6
6972,0
6973,4
6974,2
6975,5
6976,3
6977,0
6978,5
6979,5
6980,4
6981,2
6982,4
6983,6
6984,1
6985,0
6986,5
6987,4
6988,2
6989,3
6990,4
6991,0
6992,3
6993,3
6994,4
6995,6
6996,6
6997,4
6998,3
6999,0
7000,0
7001,4
7002,4
7003,5
7004,3
7005,4
7006,3
7007,0
7008,6
7009,2
7010,3
7011,4
7012,0
7013,4
7014,0
7015,3
7016,6
7017,2
7018,6
7019,3
7020,4
7021,4
7022,4
7023,6
7024,3
7025,3
7026,0
7027,6
7028,3
7029,5
7030,3
7031,4
7032,6
7033,4
7034,0
7035,2
7036,6
7037,6
7038,3
7039,6
7040,3
7041,5
7042,3
7043,5
7044,4
7045,3
7046,4
7047,4
7048,2
7049,3
7050,3
7051,6
7052,3
7053,3
7054,0
7055,6
7056,6
7057,2
7058,3
7059,4
7060,3
7061,3
7062,3
7063,5
7064,0
7065,0
7066,4
7067,0
7068,4
7069,0
7070,6
7071,2
7072,6
7073,4
7074,4
7075,4
7076,5
7077,1
7078,4
7079,0
7080,6
7081,5
7082,6
7083,3
7084,6
7085,3
7086,0
7087,5
7088,6
7089,5
7090,0
7091,0
7092,3
7093,6
7094,3
7095,3
7096,0
7097,4
7098,6
7099,0
7100,0
7101,4
7102,4
7103,4
7104,6
7105,3
7106,0
7107,3
7108,0
7109,5
7110,6
7111,0
7112,0
7113,6
7114,5
7115,6
7116,4
7117,5
7118,6
7119,0
7120,5
7121,4
7122,0
7123,4
7124,5
7125,0
7126,0
7127,3
7128,3
7129,0
7130,3
7131,6
7132,2
7133,6
7134,3
7135,4
7136,0
7137,3
7138,0
7139,2
7140,0
7141,3
7142,0
7143,6
7144,6
7145,0
7146,4
7147,3
7148,5
7149,4
7150,2
7151,3
7152,3
7153,6
7154,5
7155,4
7156,3
7157,3
7158,3
7159,0
7160,3
7161,0
7162,6
7163,6
7164,2
7165,0
7166,5
7167,3
7168,4
7169,4
7170,4
7171,5
7172,0
7173,6
7174,3
7175,0
7176,3
7177,4
