0.22639388489208634
0.26121223494368573
0.33184462376183566
0.40037530494756335
0.429123663005249
0.45104147120317567
0.4833552261435934
0.5074122724982268
0.5273784950808974
0.5378870332323827
0.5497466691888325
0.559279414548908
0.5748170388664308
0.577481703909013
0.584800150146581
0.595571401790777
0.5967348470766608
0.6019515856857214
0.6091199099894513
0.618389941841157
0.6200788140587745
0.6221429912362588
0.6285231750976482
0.6354663163954823
0.6376430850267008
0.6413210734302767
0.6465753424858863
0.6451116532383727
0.6514543066755829
0.6564833927789847
