1.892670161146626
1.7885874524217629
1.6564787572131279
1.5257732804350836
1.440996317345377
1.3849638222484835
1.35263692772082
1.2936594479122938
1.2589171512284854
1.2338849831531187
1.2112430286130085
1.186224582285209
1.1600748303192019
1.1418418516426423
1.129928099077847
1.1078855609822216
1.097831150035425
1.0888395622269167
1.0681079842489953
1.0516155259294702
1.043585899326273
1.0316372289960034
1.0203906984842837
1.0021275071897344
0.9935905706504425
0.9845199858589766
0.9768951046822509
0.9678477540206766
0.9554143448096544
0.947008362539402
